NAME : tsp_problem
TYPE : TSP
DIMENSION : 76
EDGE_WEIGHT_TYPE : EXPLICIT
EDGE_WEIGHT_FORMAT : FULL_MATRIX
EDGE_WEIGHT_SECTION
0 1334 529 1329 371 877 337 614 1339 1401 391 916 913 435 552 344 961 571 1340 428 1353 559 434 449 759 1425 139 1499 547 1203 1032 706 630 926 204 1485 1402 325 511 1281 861 491 1737 1604 613 1042 433 1693 384 639 638 1374 1077 610 447 491 528 673 747 1495 120 346 949 334 129 397 861 509 480 624 684 1385 1031 764 324 1445
1334 0 1502 54 1188 883 1055 1173 296 125 979 560 557 1324 1093 1510 605 1111 406 1043 482 1160 1600 1114 1179 295 1278 369 1165 177 479 826 1170 570 1434 354 229 1294 1034 106 867 1188 713 474 1213 488 1086 670 1274 759 741 182 421 1583 1100 1109 919 1134 1288 478 1259 1224 441 1442 1311 1334 766 1700 1134 1164 785 109 477 1184 1107 169
405 1572 0 1567 507 1154 698 505 1555 1639 752 1194 1190 326 765 235 1239 784 1556 641 1652 450 325 713 650 1641 500 1715 680 1502 1310 1067 843 1204 268 1701 1701 387 872 1519 1138 506 1953 1820 504 1319 794 1909 435 1000 915 1673 1293 162 808 625 889 564 960 1711 481 707 1226 395 490 288 997 425 841 837 1045 1623 1308 655 685 1683
1329 54 1498 0 1184 878 1051 1168 292 121 974 556 552 1320 1088 1506 600 1107 401 1039 478 1155 1596 1110 1175 290 1273 364 1161 173 475 822 1166 566 1429 350 224 1289 1029 102 862 1184 709 469 1208 484 1082 665 1269 754 737 177 416 1578 1096 1105 915 1129 1284 473 1255 1220 437 1437 1307 1330 761 1696 1130 1160 780 105 473 1180 1103 165
371 1182 503 1178 0 834 441 319 1166 1250 495 874 870 282 304 446 918 323 1167 181 1332 265 536 252 464 1252 307 1326 220 1172 973 764 382 883 319 1312 1353 179 731 1130 818 175 1564 1431 318 983 653 1520 132 697 595 1306 904 583 666 164 747 379 500 1322 288 566 906 327 371 270 608 624 699 376 816 1234 972 470 544 1294
877 883 1151 878 834 0 601 1009 867 950 524 444 440 931 901 1093 488 919 867 777 953 996 1183 798 1016 953 799 1027 899 803 560 584 979 453 955 1012 1002 815 651 830 350 922 1264 1132 1049 569 703 1221 874 517 354 974 604 1232 716 844 576 970 1096 1022 780 841 476 963 854 918 603 1260 751 973 637 934 558 1021 724 994
337 1055 758 1051 441 601 0 674 1063 1122 112 640 637 538 508 636 685 526 1064 384 1074 620 727 405 819 1149 331 1223 506 924 756 427 585 650 496 1209 1123 422 368 1003 584 529 1461 1328 673 766 291 1417 481 360 362 1095 801 839 304 451 382 733 703 1219 313 298 673 570 314 525 799 802 337 580 479 1106 754 824 182 1166
614 1173 435 1168 319 1009 674 0 1156 1240 728 977 974 257 449 443 1022 467 1157 325 1406 93 534 397 251 1243 560 1317 364 1162 964 997 526 987 476 1302 1343 342 963 1120 993 188 1554 1421 146 973 885 1511 308 930 828 1296 894 516 899 308 980 165 644 1312 542 799 915 490 625 267 598 633 932 520 1049 1224 962 256 776 1284
1339 296 1486 292 1172 867 1063 1156 0 363 987 544 541 1308 1076 1494 589 1095 141 1027 591 1143 1584 1098 1163 120 1261 194 1149 286 474 872 1154 554 1418 179 467 1278 1114 244 850 1172 538 299 1196 483 1165 495 1258 804 763 420 320 1567 1179 1093 1010 1117 1272 303 1243 1303 425 1426 1317 1318 750 1684 1213 1148 893 347 472 1168 1186 408
1401 125 1569 121 1255 950 1122 1240 363 0 1046 627 624 1392 1160 1577 672 1178 473 1110 467 1227 1668 1182 1246 362 1345 436 1232 244 546 893 1238 637 1501 421 163 1361 1101 173 934 1255 780 541 1280 556 1154 737 1341 826 808 116 488 1650 1167 1177 987 1201 1355 545 1326 1291 508 1509 1378 1401 833 1767 1201 1232 852 63 544 1252 1174 236
391 979 812 974 495 524 112 728 987 1046 0 564 560 592 562 690 609 580 987 438 998 674 781 459 873 1073 385 1147 560 848 680 351 639 574 550 1132 1046 476 292 926 508 583 1384 1252 727 689 214 1341 535 283 285 1019 725 893 228 504 306 787 757 1143 366 352 596 624 368 579 723 855 262 633 403 1030 678 878 235 1090
916 560 1191 556 874 444 640 977 544 627 564 0 31 970 897 1132 94 916 545 817 680 964 1223 837 984 630 839 704 939 530 237 449 975 45 995 690 728 855 691 508 427 962 942 809 1017 246 743 898 914 381 340 684 282 1272 756 883 587 938 1093 700 820 880 154 1003 894 958 571 1300 790 969 501 611 235 989 763 672
913 557 1187 552 870 440 637 974 541 624 560 31 0 967 894 1129 91 912 541 813 676 961 1219 834 980 627 835 701 936 527 234 445 972 41 991 686 725 851 687 504 424 958 938 805 1014 243 739 895 910 378 336 681 278 1268 753 880 583 935 1089 696 816 877 150 999 890 954 567 1296 787 966 497 608 232 986 760 668
435 1324 269 1320 282 931 538 257 1308 1392 592 970 967 0 520 265 1015 538 1309 396 1429 203 355 468 403 1394 382 1468 435 1279 1086 861 598 980 298 1454 1477 164 827 1272 915 259 1706 1573 256 1096 749 1662 210 794 692 1448 1046 350 763 380 844 317 715 1464 363 663 1003 312 446 89 750 455 796 592 913 1376 1085 408 640 1436
552 1093 737 1088 304 901 508 449 1076 1160 562 897 894 520 0 703 942 78 1077 159 1326 395 794 231 548 1163 474 1237 281 1082 884 831 137 907 577 1222 1263 437 797 1040 885 304 1474 1341 448 893 719 1431 390 764 662 1216 814 818 733 226 814 503 254 1232 455 633 835 585 529 528 518 882 766 131 883 1144 882 554 610 1204
344 1510 230 1506 446 1093 636 443 1494 1577 690 1132 1129 265 703 0 1177 722 1494 580 1591 389 135 651 588 1580 438 1654 619 1441 1248 1006 781 1142 206 1639 1639 326 811 1458 1077 445 1891 1759 442 1258 733 1848 374 938 854 1612 1232 311 746 563 827 502 899 1650 419 646 1165 334 429 226 936 235 779 775 984 1561 1247 593 624 1621
961 605 1235 600 918 488 685 1022 589 672 609 94 91 1015 942 1177 0 961 589 862 724 1009 1267 882 1028 675 883 749 984 575 282 493 1020 104 1039 734 773 899 735 552 472 1006 986 854 1062 291 787 943 958 426 385 729 326 1316 801 928 631 983 1137 744 864 925 198 1047 938 1003 615 1344 835 1014 545 656 280 1034 808 716
571 1111 756 1107 323 919 526 467 1095 1178 580 916 912 538 78 722 961 0 1096 178 1345 413 812 249 567 1181 493 1255 300 1101 902 850 155 926 595 1241 1282 455 816 1059 903 323 1493 1360 466 912 738 1449 409 782 680 1235 833 836 751 244 833 522 201 1251 474 651 853 603 548 546 537 900 785 149 902 1162 900 572 629 1223
1340 406 1486 401 1173 867 1064 1157 141 473 987 545 541 1309 1077 1494 589 1096 0 1027 701 1144 1585 1099 1163 229 1262 303 1150 395 475 872 1155 554 1418 289 577 1278 1114 353 851 1172 643 408 1197 484 1166 600 1258 805 763 530 321 1567 1180 1094 1010 1118 1272 401 1243 1304 426 1426 1317 1318 750 1685 1214 1149 924 457 473 1169 1187 517
428 1043 614 1039 181 777 384 325 1027 1110 438 817 813 396 159 580 862 178 1027 0 1275 271 670 107 470 1113 351 1187 158 1033 834 708 237 827 453 1172 1214 313 674 991 761 181 1424 1292 324 843 596 1381 267 640 538 1167 765 694 609 102 691 385 355 1183 332 509 785 461 406 404 469 758 642 231 760 1094 832 476 487 1154
1353 469 1649 465 1332 953 1074 1406 578 467 998 680 676 1429 1326 1591 724 1345 687 1275 0 1393 1681 1295 1413 576 1297 650 1397 459 498 845 1404 690 1453 635 409 1313 1053 417 937 1420 995 755 1446 507 1105 951 1372 778 760 382 654 1730 1119 1341 938 1367 1522 759 1278 1243 561 1461 1330 1416 1000 1758 1153 1398 804 470 496 1418 1126 580
559 1160 381 1155 265 996 620 93 1143 1227 674 964 961 203 395 389 1009 413 1144 271 1393 0 479 343 238 1229 506 1303 310 1149 951 943 472 974 422 1289 1330 288 909 1107 980 134 1541 1408 92 960 831 1497 254 876 774 1283 881 462 845 254 926 152 590 1299 488 745 902 436 570 213 585 579 878 466 995 1211 949 243 722 1271
433 1600 110 1595 536 1183 726 533 1584 1667 780 1222 1219 355 793 263 1267 812 1584 670 1680 479 0 741 678 1670 528 1744 709 1531 1338 1095 871 1232 296 1729 1729 416 900 1548 1166 534 1981 1849 532 1347 822 1938 464 1028 944 1702 1321 190 836 653 917 592 989 1739 509 736 1255 424 519 316 1026 453 869 865 1074 1651 1336 683 713 1711
449 1114 685 1110 252 798 405 397 1098 1182 459 837 834 468 231 651 882 249 1099 107 1295 343 742 0 542 1184 371 1258 229 1104 906 728 308 847 525 1244 1285 385 694 1062 781 252 1496 1363 396 915 616 1452 338 660 559 1238 836 766 630 173 711 456 426 1254 352 530 857 533 426 475 540 830 663 302 780 1166 904 547 507 1226
707 1168 528 1163 413 1004 767 199 1151 1235 821 972 969 351 500 536 1017 519 1152 419 1401 186 627 490 0 1237 653 1311 457 1157 959 1090 578 982 569 1297 1338 435 1057 1115 988 281 1549 1416 239 968 979 1505 401 1023 921 1291 889 609 992 402 1073 160 696 1307 635 892 910 583 718 360 593 727 1025 572 1142 1219 957 54 870 1279
1425 295 1572 290 1258 953 1149 1243 120 362 1073 630 627 1394 1163 1580 675 1181 229 1113 589 1229 1670 1184 1249 0 1348 192 1235 284 560 933 1240 640 1504 93 465 1364 1141 242 936 1258 453 213 1283 569 1193 409 1344 866 848 418 408 1653 1207 1179 1026 1203 1358 301 1329 1331 511 1512 1403 1404 836 1770 1241 1234 892 346 558 1254 1214 406
139 1278 603 1273 307 799 331 560 1261 1345 385 839 835 382 474 438 883 493 1262 351 1297 506 529 371 705 1348 0 1422 473 1147 954 700 552 848 298 1407 1345 266 505 1225 783 431 1659 1526 559 964 427 1615 325 633 560 1318 999 683 441 417 522 620 669 1417 41 341 871 345 124 370 784 603 474 546 678 1329 953 711 318 1389
1499 369 1646 364 1332 1027 1223 1317 194 436 1147 704 701 1468 1237 1654 749 1255 303 1187 663 1303 1744 1258 1323 192 1422 0 1309 358 634 1007 1314 714 1578 252 539 1438 1215 316 1010 1332 462 371 1357 643 1267 418 1418 940 922 492 483 1727 1281 1253 1100 1277 1432 220 1403 1405 585 1586 1477 1478 910 1844 1315 1308 966 420 632 1328 1288 480
547 1165 653 1161 220 899 506 364 1149 1232 560 939 936 435 281 619 984 300 1150 158 1397 310 709 229 509 1235 473 1309 0 1155 956 830 359 949 492 1294 1336 352 796 1113 883 220 1547 1414 363 965 718 1503 306 762 661 1289 887 733 731 141 813 424 477 1305 454 631 907 500 528 443 591 797 765 353 882 1216 954 515 609 1276
1203 177 1492 173 1178 803 924 1162 286 244 848 530 527 1279 1082 1441 575 1101 395 1033 472 1149 1531 1104 1169 284 1147 358 1155 0 348 695 1160 540 1303 344 348 1163 903 125 787 1178 703 463 1202 358 956 659 1222 628 610 301 410 1572 969 1099 789 1123 1278 467 1128 1093 411 1311 1180 1266 756 1608 1003 1154 654 229 347 1174 977 289
1032 479 1293 475 979 560 756 964 474 546 680 237 234 1086 884 1248 282 902 475 834 498 951 1339 906 970 560 954 634 956 348 0 565 961 247 1111 619 547 971 781 427 543 979 871 739 1004 18 834 828 1030 497 456 519 212 1374 847 900 667 925 1079 630 936 971 118 1119 1010 1074 557 1416 881 955 532 530 7 975 854 590
706 826 1082 822 764 584 427 997 872 893 351 449 445 861 831 1006 493 850 872 708 845 943 1096 728 1142 933 700 1007 830 695 565 0 909 458 866 993 894 745 343 774 568 853 1269 1112 996 574 396 1226 804 131 262 866 609 1162 409 774 229 1056 1026 1028 682 533 481 893 683 849 772 1171 443 903 143 877 563 1147 416 937
630 1170 815 1166 382 979 585 526 1154 1238 639 975 972 598 137 781 1020 155 1155 237 1404 472 872 308 626 1240 552 1314 359 1160 961 909 0 985 654 1300 1341 514 875 1118 962 382 1552 1419 525 971 797 1508 468 841 740 1294 892 895 811 303 892 581 332 1310 533 710 912 663 607 605 596 960 844 122 961 1222 960 631 688 1282
926 570 1201 566 883 453 650 987 554 637 574 45 41 980 907 1142 104 926 554 827 690 974 1233 847 994 640 848 714 949 540 247 458 985 0 1004 699 738 864 701 518 437 972 951 819 1027 256 752 908 923 391 350 694 292 1281 766 893 597 948 1102 710 830 890 163 1013 903 968 580 1310 800 979 511 621 245 999 773 681
204 1434 391 1429 319 955 496 476 1418 1501 550 995 991 298 577 206 1039 595 1418 453 1453 422 297 525 621 1504 298 1578 492 1303 1111 866 654 1004 0 1563 1501 188 671 1381 939 353 1815 1683 475 1120 593 1772 247 798 716 1474 1155 472 606 436 687 535 772 1573 279 506 1027 196 289 259 880 371 639 648 844 1485 1109 627 484 1545
1485 354 1631 350 1318 1012 1209 1302 179 421 1132 690 686 1454 1222 1639 734 1241 289 1172 649 1289 1730 1244 1308 93 1407 252 1294 344 619 993 1300 699 1563 0 525 1423 1200 302 996 1317 393 154 1342 629 1253 350 1403 925 907 478 468 1712 1266 1239 1086 1263 1417 256 1388 1391 570 1571 1462 1463 895 1830 1300 1294 951 405 618 1314 1274 465
1402 229 1673 224 1359 1002 1123 1343 467 163 1046 728 725 1477 1263 1639 773 1282 577 1214 409 1330 1730 1285 1350 465 1345 539 1336 348 547 894 1341 738 1501 525 0 1361 1102 277 985 1359 884 644 1383 556 1154 841 1420 826 809 78 591 1753 1168 1280 987 1304 1459 648 1327 1292 609 1510 1379 1465 937 1807 1202 1335 852 167 545 1355 1175 340
325 1294 384 1289 179 815 422 342 1278 1361 476 855 851 164 437 326 899 455 1278 313 1313 288 416 385 487 1364 266 1438 352 1163 971 745 514 864 188 1423 1361 0 712 1241 799 213 1675 1542 341 980 633 1632 107 678 576 1334 1015 465 647 296 728 401 632 1433 248 547 887 196 331 151 740 493 680 508 797 1345 969 492 524 1405
511 1034 996 1029 731 651 368 963 1114 1101 292 691 687 827 797 811 735 816 1114 674 1053 909 901 694 1109 1141 505 1215 796 903 781 343 875 701 671 1200 1102 712 0 981 635 819 1511 1320 962 790 199 1468 771 383 412 1074 852 1077 213 740 163 1023 993 1270 487 337 723 791 488 815 850 976 247 869 320 1085 779 1114 220 1145
1281 106 1450 102 1136 830 1003 1120 244 173 926 508 504 1272 1040 1458 552 1059 353 991 430 1107 1548 1062 1127 242 1225 316 1113 125 427 774 1118 518 1381 302 277 1241 981 0 814 1136 661 421 1160 436 1034 617 1221 706 689 230 368 1530 1048 1057 867 1081 1236 425 1207 1172 389 1389 1259 1282 714 1648 1082 1112 732 157 425 1132 1055 217
861 867 1135 862 818 350 584 993 850 934 508 427 424 915 885 1077 472 903 851 761 937 980 1167 781 1000 936 783 1010 883 787 543 568 962 437 939 996 985 799 635 814 0 906 1248 1115 1033 553 687 1204 858 501 338 958 588 1216 700 827 560 954 1080 1006 764 824 460 947 838 902 586 1244 734 956 620 918 542 1005 708 978
491 1182 476 1178 175 922 529 188 1166 1249 583 962 958 259 304 445 1006 323 1166 181 1416 134 535 252 333 1252 431 1326 220 1172 973 853 382 972 353 1311 1353 213 819 1130 906 0 1563 1431 187 982 741 1520 166 785 683 1306 904 557 754 164 835 247 499 1322 413 654 924 361 496 269 608 635 787 376 905 1233 971 338 632 1293
1737 713 1883 709 1570 1264 1461 1554 538 780 1384 942 938 1706 1474 1891 986 1493 643 1424 1008 1541 1982 1496 1560 453 1659 462 1547 703 871 1269 1552 951 1815 393 884 1675 1511 661 1248 1569 0 473 1594 881 1563 174 1655 1202 1160 837 718 1964 1577 1491 1407 1515 1669 271 1640 1701 823 1823 1714 1715 1147 2082 1611 1546 1310 765 870 1566 1584 825
1604 474 1751 469 1437 1132 1328 1421 299 541 1252 809 805 1573 1341 1759 854 1360 408 1292 768 1408 1849 1363 1428 213 1526 371 1414 463 739 1112 1419 819 1683 154 644 1542 1320 421 1115 1437 473 0 1461 748 1372 430 1523 1044 1027 597 587 1831 1386 1358 1205 1382 1537 376 1508 1510 690 1691 1582 1583 1015 1949 1420 1413 1070 525 737 1433 1393 585
634 1532 310 1528 490 1139 746 465 1516 1599 799 1178 1175 256 728 463 1223 746 1516 604 1636 411 553 675 610 1602 590 1676 643 1486 1294 1069 805 1188 496 1661 1685 371 1035 1480 1122 467 1913 1781 0 1303 957 1870 418 1001 900 1656 1254 390 971 587 1052 524 923 1672 571 870 1211 520 654 297 958 653 1004 799 1121 1583 1292 616 848 1643
1042 488 1302 484 989 569 766 973 483 556 689 246 243 1096 893 1258 291 912 484 843 507 960 1348 915 979 569 964 643 965 358 18 574 971 256 1120 629 556 980 790 436 553 988 881 748 1013 0 843 837 1039 506 465 529 221 1383 856 910 676 934 1088 639 945 981 127 1128 1019 1083 566 1425 890 965 541 540 16 985 864 600
433 1086 918 1082 653 703 291 885 1165 1154 214 743 739 749 719 733 787 738 1166 596 1105 831 823 616 1030 1193 427 1267 718 956 834 396 797 752 593 1253 1154 633 199 1034 687 741 1563 1372 884 843 0 1520 692 436 464 1127 903 999 44 662 216 945 915 1321 409 259 775 713 410 737 901 898 78 791 372 1138 832 1036 142 1198
1693 670 1840 665 1526 1221 1417 1511 495 737 1341 898 895 1662 1431 1848 943 1449 600 1381 965 1497 1938 1452 1517 409 1615 418 1503 659 828 1226 1508 908 1772 350 841 1632 1468 617 1204 1526 174 430 1551 837 1520 0 1612 1158 1117 794 674 1921 1533 1447 1364 1471 1626 227 1597 1657 779 1780 1671 1672 1104 2038 1567 1502 1267 721 826 1522 1540 781
384 1268 431 1264 132 874 481 308 1252 1335 535 914 910 210 390 374 958 409 1252 267 1372 254 464 338 453 1338 325 1412 306 1222 1030 804 468 923 247 1397 1420 107 771 1216 858 166 1649 1517 307 1039 692 1606 0 737 635 1392 989 511 706 250 787 367 585 1408 307 606 946 255 390 198 694 552 739 462 856 1319 1028 458 583 1379
639 759 1014 754 697 517 360 930 804 826 283 381 378 794 764 938 426 782 805 640 778 876 1028 660 1075 866 633 940 762 628 497 131 841 391 798 925 826 678 383 706 501 785 1202 1044 929 506 436 1158 737 0 194 799 542 1095 450 706 269 989 959 960 614 574 414 826 616 781 704 1103 484 835 183 810 495 1080 457 870
638 741 912 737 595 354 362 828 763 808 285 340 336 692 662 854 385 680 763 538 760 774 944 559 966 848 560 922 661 610 456 262 740 350 716 907 809 576 412 689 338 683 1160 1027 827 465 464 1117 635 194 0 781 501 993 478 605 337 887 857 919 541 602 372 724 615 679 552 1021 512 734 314 792 454 971 485 852
1374 182 1626 177 1312 974 1095 1296 420 116 1019 684 681 1448 1216 1612 729 1235 530 1167 382 1283 1702 1238 1303 418 1318 492 1289 301 519 866 1294 694 1474 478 78 1334 1074 230 958 1312 837 597 1336 529 1127 794 1393 799 781 0 544 1707 1140 1233 960 1257 1412 601 1299 1265 565 1482 1351 1437 890 1779 1174 1288 825 120 518 1308 1148 293
1077 421 1224 416 910 604 801 894 320 488 725 282 278 1046 814 1232 326 833 321 765 654 881 1322 836 901 408 999 483 887 410 212 609 892 292 1155 468 591 1015 852 368 588 910 718 587 934 221 903 674 995 542 501 544 0 1304 917 831 748 855 1009 476 981 1041 163 1164 1054 1056 487 1422 951 886 662 472 210 906 924 532
289 1455 304 1451 391 1038 582 389 1439 1523 636 1078 1074 210 649 119 1122 667 1440 525 1536 334 209 597 534 1525 384 1599 564 1386 1194 951 727 1088 152 1585 1585 271 756 1403 1022 390 1837 1704 388 1203 678 1793 319 883 799 1557 1177 0 692 509 773 448 844 1595 365 591 1110 279 374 172 881 309 725 721 929 1507 1192 539 569 1567
447 1100 931 1096 666 716 304 899 1179 1167 228 756 753 763 733 746 801 751 1180 609 1119 845 836 630 1044 1207 441 1281 731 969 847 409 811 766 606 1266 1168 647 213 1048 700 754 1577 1386 898 856 44 1533 706 450 478 1140 917 1012 0 676 229 958 928 1335 422 272 789 726 424 750 915 911 92 805 386 1151 845 1049 155 1211
491 1109 597 1105 164 844 451 308 1093 1177 504 883 880 380 226 563 928 244 1094 102 1341 254 654 173 453 1179 417 1253 141 1099 900 774 303 893 436 1239 1280 296 740 1057 827 164 1491 1358 307 910 662 1447 250 706 605 1233 831 677 676 0 757 368 421 1249 398 575 851 444 472 387 535 741 709 297 826 1161 899 459 553 1221
528 919 1012 915 747 576 382 980 1010 987 306 587 583 844 814 827 631 833 1010 691 938 926 918 711 1125 1026 522 1100 813 789 667 229 892 597 687 1086 987 728 163 867 560 835 1407 1205 979 676 216 1364 787 269 337 960 748 1093 229 757 0 1039 1009 1166 503 353 619 808 505 832 775 992 263 886 205 971 665 1130 237 1031
633 1039 739 1034 306 875 661 450 1022 1106 714 843 840 521 368 705 888 387 1023 312 1272 396 795 383 494 1108 569 1182 351 1028 830 984 446 853 578 1168 1209 438 950 986 859 306 1420 1287 449 839 872 1376 392 916 815 1162 760 819 886 295 967 0 564 1178 550 785 781 586 633 529 464 883 919 440 1036 1090 828 500 763 1150
747 1288 932 1284 500 1096 703 644 1272 1355 757 1093 1089 715 254 899 1137 201 1272 355 1522 590 989 426 744 1358 669 1432 477 1278 1079 1026 332 1102 772 1417 1459 632 993 1236 1080 499 1669 1537 643 1088 915 1626 585 959 857 1412 1009 1013 928 421 1009 698 0 1428 651 828 1030 780 724 723 714 1077 961 326 1078 1339 1077 749 806 1399
1495 478 1642 473 1328 1022 1219 1312 303 545 1143 700 696 1464 1232 1650 744 1251 401 1183 772 1299 1740 1254 1319 301 1417 220 1305 467 630 1028 1310 710 1573 256 648 1433 1270 425 1006 1328 271 376 1352 639 1321 227 1413 960 919 601 476 1722 1335 1249 1166 1273 1428 0 1399 1459 581 1582 1472 1474 906 1840 1369 1304 1075 529 628 1324 1342 589
120 1259 584 1255 288 780 313 542 1243 1326 366 820 816 363 455 419 864 474 1243 332 1278 488 510 352 687 1329 41 1403 454 1128 936 682 533 830 279 1388 1327 248 487 1207 764 413 1640 1508 541 945 409 1597 307 614 541 1299 981 665 422 398 503 601 651 1399 0 322 852 326 105 351 765 585 455 527 660 1310 934 692 300 1370
346 1224 831 1220 566 841 298 799 1303 1291 352 880 877 663 633 646 925 651 1304 509 1243 745 736 530 944 1331 341 1405 631 1093 971 533 710 890 506 1391 1292 547 337 1172 824 654 1701 1510 798 981 259 1657 606 574 602 1265 1041 912 272 575 353 858 828 1459 322 0 913 626 324 650 942 811 305 704 510 1275 970 949 150 1335
949 441 1223 437 906 476 673 915 425 508 596 154 150 1003 835 1165 198 853 426 785 561 902 1255 857 921 511 871 585 907 411 118 481 912 163 1027 570 609 887 723 389 460 930 823 690 955 127 775 779 946 414 372 565 163 1304 789 851 619 876 1030 581 852 913 0 1035 926 990 508 1332 823 906 533 492 116 926 796 552
334 1442 519 1437 327 963 570 490 1426 1509 624 1003 999 312 585 334 1047 603 1426 461 1461 436 424 533 635 1512 345 1586 500 1311 1119 893 663 1013 196 1571 1510 196 791 1389 947 361 1823 1691 489 1128 713 1780 255 826 724 1482 1164 600 726 444 808 549 780 1582 326 626 1035 0 409 299 888 501 760 657 946 1493 1117 640 604 1553
129 1311 614 1307 371 854 314 625 1317 1378 368 894 890 446 529 429 938 548 1317 406 1330 570 519 426 770 1403 124 1477 528 1180 1010 683 607 903 289 1462 1379 331 488 1259 838 496 1714 1582 624 1019 410 1671 390 616 615 1351 1054 695 424 472 505 684 724 1472 105 324 926 409 0 434 839 594 457 601 661 1362 1008 775 301 1422
397 1334 309 1330 270 918 525 267 1318 1401 579 958 954 89 528 226 1003 546 1318 404 1416 213 316 475 412 1404 370 1478 443 1266 1074 849 605 968 259 1463 1465 151 815 1282 902 269 1715 1583 266 1083 737 1672 198 781 679 1437 1056 390 750 387 832 326 723 1474 351 650 990 299 434 0 760 416 783 599 901 1385 1072 418 628 1445
861 766 928 761 614 603 799 598 750 833 723 571 567 750 518 936 615 537 750 469 1000 585 1026 540 605 836 784 910 591 756 557 772 596 580 886 895 937 746 850 714 586 614 1147 1015 638 566 901 1104 700 704 552 890 487 1008 915 535 775 559 714 906 765 942 508 894 839 760 0 1126 949 590 824 817 555 610 920 877
539 1706 215 1701 641 1289 832 639 1690 1773 886 1328 1325 461 899 369 1373 918 1690 776 1786 585 121 847 784 1776 634 1850 815 1636 1444 1201 977 1338 402 1835 1835 521 1006 1653 1272 640 2087 1954 638 1453 928 2044 569 1134 1050 1808 1427 296 942 759 1023 698 1094 1845 615 842 1361 530 625 422 1131 0 975 971 1179 1757 1442 789 819 1817
480 1134 964 1130 699 751 337 932 1213 1201 262 790 787 796 766 779 835 785 1214 642 1153 878 870 663 1077 1241 474 1315 765 1003 881 443 844 800 639 1300 1202 680 247 1082 734 787 1611 1420 931 890 78 1567 739 484 512 1174 951 1045 92 709 263 991 961 1369 455 305 823 760 457 783 949 944 0 838 420 1185 879 1082 189 1245
624 1164 809 1160 376 973 580 520 1148 1232 633 969 966 592 131 775 1014 149 1149 231 1398 466 866 302 620 1234 546 1308 353 1154 955 903 122 979 648 1294 1335 508 869 1112 956 376 1546 1413 519 965 791 1502 462 835 734 1288 886 889 805 297 886 575 326 1304 527 704 906 657 601 599 590 954 838 0 955 1216 954 625 682 1276
684 785 1134 780 816 637 479 1049 893 852 403 501 497 913 883 984 545 902 924 760 804 995 1074 780 1194 892 678 966 882 654 532 143 961 511 844 951 852 797 320 732 620 905 1310 1070 1048 541 372 1267 856 183 314 825 662 1214 386 826 205 1109 1078 1075 660 510 533 946 661 901 824 1149 420 955 0 836 530 1200 393 896
1385 109 1553 105 1239 934 1106 1224 347 63 1030 611 608 1376 1144 1561 656 1162 457 1094 470 1211 1652 1166 1230 346 1329 420 1216 229 530 877 1222 621 1485 405 167 1345 1085 157 918 1239 765 525 1264 540 1138 721 1325 810 792 120 472 1634 1151 1161 971 1185 1339 529 1310 1275 492 1493 1362 1385 817 1752 1185 1216 836 0 528 1236 1159 221
1031 477 1291 473 978 558 754 962 472 544 678 235 232 1085 882 1247 280 900 473 832 496 949 1337 904 968 558 953 632 954 347 7 563 960 245 1109 618 545 969 779 425 542 977 870 737 1002 16 832 826 1028 495 454 518 210 1372 845 899 665 923 1077 628 934 970 116 1117 1008 1072 555 1414 879 954 530 528 0 974 853 589
712 1173 534 1168 418 1010 772 204 1157 1240 826 978 974 356 506 542 1022 524 1157 424 1407 191 632 495 54 1243 659 1317 463 1162 964 1096 583 987 575 1302 1344 440 1062 1120 993 286 1554 1422 244 973 984 1511 406 1028 926 1297 894 614 997 407 1079 165 701 1312 640 897 915 589 723 366 598 732 1031 577 1148 1224 962 0 875 1284
324 1107 809 1103 544 724 182 776 1186 1174 235 763 760 640 610 624 808 629 1187 487 1126 722 714 507 921 1214 318 1288 609 977 854 416 688 773 484 1274 1175 524 220 1055 708 632 1584 1393 775 864 142 1540 583 457 485 1148 924 890 155 553 237 836 806 1342 300 150 796 604 301 628 920 789 189 682 393 1159 853 927 0 1219
1445 169 1613 165 1300 994 1166 1284 408 236 1090 672 668 1436 1204 1621 716 1223 517 1154 594 1271 1712 1226 1290 406 1389 480 1276 289 590 937 1282 681 1545 465 340 1405 1145 217 978 1299 825 585 1324 600 1198 781 1385 870 852 293 532 1694 1211 1221 1031 1245 1399 589 1370 1335 552 1553 1422 1445 877 1812 1245 1276 896 221 589 1296 1219 0
EOF
