NAME : tsp_problem
TYPE : TSP
DIMENSION : 54
EDGE_WEIGHT_TYPE : EXPLICIT
EDGE_WEIGHT_FORMAT : FULL_MATRIX
EDGE_WEIGHT_SECTION
0 1037 1174 998 336 106 1049 1157 975 604 560 1317 1422 949 886 459 1022 568 731 662 319 412 655 1072 514 709 314 263 842 285 341 272 497 841 1080 412 325 562 1205 1173 173 299 699 484 888 178 1003 957 289 161 279 530 252 1232
1037 0 1981 561 1179 1024 49 196 242 1411 1404 450 414 395 322 1266 249 769 1537 919 1163 742 1461 636 597 1516 1157 1106 510 1129 1184 924 714 509 190 771 765 1405 2011 556 918 811 626 1290 323 888 427 388 1132 980 1085 1337 1095 224
1170 1977 0 1824 1001 1159 1990 2097 1831 909 960 2143 2324 1775 1785 812 1962 1502 833 1602 985 1353 970 1898 1454 811 979 935 1782 919 1006 1206 1436 1782 2020 1347 1266 952 79 1999 1113 1233 1639 1089 1809 1118 1829 1783 911 1095 1105 878 946 2111
998 561 1828 0 1241 985 566 684 380 1258 1261 811 938 506 334 1113 591 903 1384 1053 1225 792 1308 185 731 1363 1219 1168 644 1191 1246 1058 848 643 649 905 856 1252 1858 667 940 945 760 1137 358 945 538 499 1194 1066 932 1184 1157 737
428 1272 875 1172 0 442 1285 1370 1180 305 271 1492 1657 1124 1121 160 1235 760 432 948 242 699 468 1247 711 410 237 246 1053 230 264 464 694 1052 1293 604 612 263 906 1348 461 491 910 486 1123 467 1177 1132 222 352 453 231 257 1459
106 1024 1162 985 350 0 1037 1144 962 592 574 1304 1409 936 873 447 1009 574 719 649 334 400 642 1059 501 697 328 277 829 299 355 286 484 829 1067 427 313 576 1193 1160 160 313 686 471 875 165 990 944 303 175 266 518 266 1219
1049 49 1994 566 1192 1037 0 220 249 1424 1417 423 391 364 335 1279 272 782 1550 932 1176 754 1474 640 610 1528 1170 1119 522 1141 1197 936 727 522 213 784 777 1418 2024 525 931 824 639 1303 335 900 396 357 1145 993 1097 1350 1108 201
1157 196 2101 684 1278 1144 220 0 364 1531 1502 492 453 559 443 1386 160 789 1658 1040 1262 862 1581 758 718 1636 1256 1205 474 1227 1283 1018 733 481 101 791 885 1504 2132 720 1039 930 599 1410 444 1008 591 552 1231 1079 1205 1457 1194 265
975 242 1829 380 1117 962 249 364 0 1259 1262 518 622 288 161 1114 367 707 1386 857 1101 680 1309 455 535 1364 1095 1044 448 1067 1122 862 652 447 358 709 703 1254 1859 449 856 749 564 1138 107 826 320 281 1070 919 933 1185 1033 420
604 1411 935 1258 435 592 1424 1531 1265 0 394 1577 1757 1209 1218 169 1396 936 271 1036 419 787 189 1332 887 249 413 369 1216 352 440 640 870 1216 1454 781 700 385 966 1433 547 667 1073 325 1243 552 1263 1217 345 529 404 113 380 1544
560 1404 964 1261 366 574 1417 1502 1268 394 0 1581 1761 1213 1222 249 1367 892 521 1039 350 790 557 1335 843 499 265 335 1185 319 371 596 826 1184 1425 736 703 222 994 1436 550 623 1042 574 1246 555 1266 1221 311 484 542 320 346 1548
1334 327 2217 839 1477 1321 303 368 523 1647 1650 0 391 472 620 1502 421 1049 1773 1217 1461 1039 1697 914 895 1751 1455 1404 735 1426 1482 1221 994 742 362 1051 1062 1641 2247 633 1216 1109 860 1526 609 1185 504 465 1430 1278 1320 1573 1393 178
1451 444 2334 957 1594 1438 420 485 640 1764 1767 183 0 589 737 1619 538 1166 1890 1334 1578 1156 1814 1031 1012 1869 1572 1521 852 1543 1599 1338 1111 859 479 1169 1179 1758 2364 750 1333 1226 977 1643 726 1302 621 582 1547 1395 1438 1690 1510 295
949 395 1779 506 1192 936 364 559 288 1209 1213 403 583 0 393 1064 572 962 1336 1033 1176 743 1259 580 790 1314 1171 1119 703 1142 1198 1117 907 702 553 964 807 1204 1810 258 891 1004 819 1088 374 896 88 49 1146 1017 883 1135 1108 370
886 322 1788 334 1029 873 335 443 161 1218 1222 617 707 393 0 1073 307 619 1345 769 1013 591 1268 408 447 1323 1007 956 359 978 1034 773 564 359 365 621 614 1213 1819 554 768 661 475 1097 74 737 425 386 982 830 892 1144 945 517
459 1266 816 1113 290 447 1279 1386 1120 169 249 1432 1613 1064 1073 0 1251 791 296 891 274 642 332 1187 742 274 268 224 1071 207 295 495 725 1071 1309 636 555 240 846 1288 402 522 928 350 1098 407 1118 1072 200 384 394 128 235 1399
1022 249 1966 591 1143 1009 272 160 367 1396 1367 544 506 572 307 1251 0 653 1522 904 1126 727 1446 666 582 1501 1121 1070 339 1092 1148 882 598 346 83 655 750 1369 1996 733 903 795 464 1275 309 873 604 565 1096 944 1070 1322 1059 318
568 769 1506 903 668 574 782 789 707 936 892 1064 1135 962 619 791 653 0 1063 644 651 456 1011 977 278 1041 646 594 464 617 673 407 123 470 711 180 369 893 1536 1123 468 320 328 840 620 437 994 955 621 469 634 862 583 947
731 1537 859 1384 562 719 1550 1658 1391 271 521 1704 1884 1336 1345 296 1522 1063 0 1162 545 913 167 1459 1014 41 540 495 1342 479 567 766 996 1342 1580 907 826 512 890 1559 673 793 1199 424 1369 679 1389 1344 471 655 531 240 507 1671
662 919 1606 1053 856 649 932 1040 857 1036 1039 1214 1304 1033 769 891 904 644 1162 0 839 367 1086 1127 411 1141 834 783 724 805 861 714 562 724 962 647 390 1030 1636 1257 543 625 581 915 770 513 1087 1041 809 657 710 962 771 1114
444 1288 892 1189 275 459 1301 1387 1196 322 288 1508 1673 1140 1138 177 1251 776 448 964 0 715 485 1263 728 426 253 262 1069 246 280 480 710 1068 1309 621 628 279 922 1364 478 507 926 502 1139 483 1194 1148 238 369 469 248 274 1475
412 742 1357 792 606 400 754 862 680 787 790 1036 1127 743 591 642 727 456 913 367 590 0 837 866 234 892 584 533 547 556 612 464 366 546 785 458 141 781 1387 967 294 429 404 666 593 264 797 751 560 408 460 713 522 937
655 1461 997 1308 598 642 1474 1581 1315 189 557 1627 1807 1259 1268 332 1446 1011 167 1086 582 837 0 1382 938 185 576 532 1266 515 603 803 921 1266 1504 944 750 548 1027 1483 597 830 1123 280 1292 602 1313 1267 508 692 452 276 543 1594
1072 636 1902 185 1315 1059 640 758 455 1332 1335 886 1012 580 408 1187 666 977 1459 1127 1299 866 1382 0 806 1437 1293 1242 718 1265 1321 1132 922 717 724 980 930 1327 1933 742 1014 1020 834 1211 432 1019 612 574 1269 1140 1006 1258 1231 811
514 597 1457 731 619 501 610 718 535 887 843 892 983 790 447 742 582 278 1014 411 603 234 938 806 0 992 597 546 403 568 624 363 188 402 640 280 257 845 1488 951 396 251 259 768 448 365 822 784 572 420 562 813 535 792
709 1516 837 1363 540 697 1528 1636 1370 249 499 1682 1862 1314 1323 274 1501 1041 41 1141 524 892 185 1437 992 0 518 473 1321 457 545 745 975 1320 1559 885 804 490 868 1538 652 771 1178 430 1347 657 1368 1322 449 633 509 218 485 1649
314 1157 970 1219 119 328 1170 1256 1095 400 265 1452 1542 1171 1007 255 1121 646 526 834 103 584 563 1293 597 504 0 201 938 224 125 349 579 938 1179 490 497 357 1000 1394 394 376 795 580 1008 399 1224 1179 227 238 500 326 190 1352
263 1106 939 1168 223 277 1119 1205 1044 369 335 1401 1491 1119 956 224 1070 594 495 783 207 533 532 1242 546 473 201 0 887 141 228 298 528 887 1127 439 446 326 969 1343 343 325 744 549 957 348 1173 1127 133 187 449 295 139 1301
842 510 1786 644 960 829 522 474 448 1216 1185 804 820 703 359 1071 339 464 1342 724 944 547 1266 718 403 1321 938 887 0 910 965 700 415 155 397 473 570 1186 1816 864 723 612 281 1095 361 693 734 696 913 761 890 1142 876 633
285 1129 922 1191 246 299 1141 1227 1067 352 319 1423 1514 1142 978 207 1092 617 479 805 230 556 515 1265 568 457 224 141 910 0 251 321 551 909 1150 461 469 310 953 1366 365 348 766 533 980 371 1196 1150 117 209 471 278 152 1324
423 1267 870 1167 253 437 1279 1365 1174 300 266 1487 1652 1118 1116 155 1230 755 427 943 237 694 463 1241 706 405 231 241 1047 225 0 459 689 1047 1288 599 607 257 900 1342 456 485 904 480 1118 461 1172 1127 217 347 448 226 252 1454
272 924 1210 1058 371 286 936 1018 862 640 596 1218 1309 1117 773 495 882 407 766 714 355 464 803 1132 363 745 349 298 700 321 377 0 346 700 940 252 377 597 1240 1278 352 138 557 664 775 357 1148 1110 324 173 458 566 287 1119
497 714 1440 848 601 484 727 733 652 870 826 1008 1079 907 564 725 598 123 996 562 585 366 921 922 188 975 579 528 415 551 607 346 0 415 656 125 279 827 1470 1068 378 233 272 750 565 348 939 900 555 403 545 796 517 891
841 509 1786 643 960 829 522 481 447 1216 1184 804 827 702 359 1071 346 470 1342 724 944 546 1266 717 402 1320 938 887 155 909 965 700 415 0 404 473 569 1186 1816 863 723 612 281 1095 360 692 734 695 913 761 889 1142 876 639
1080 190 2024 649 1201 1067 213 101 358 1454 1425 485 447 553 365 1309 83 711 1580 962 1184 785 1504 724 640 1559 1179 1127 397 1150 1206 940 656 404 0 713 808 1427 2054 714 961 853 522 1333 366 931 585 546 1154 1002 1128 1380 1116 259
412 771 1350 905 512 427 784 791 709 781 736 1066 1137 964 621 636 655 180 907 647 496 458 944 980 280 885 490 439 473 461 517 252 125 473 713 0 371 738 1381 1126 470 165 330 804 622 439 996 958 465 313 599 706 428 949
325 765 1270 856 519 313 777 885 703 700 703 1059 1150 807 614 555 750 369 826 390 503 141 750 930 257 804 497 446 570 469 525 377 279 569 808 371 0 694 1300 1031 207 342 427 579 616 176 860 815 473 321 373 626 435 960
562 1405 955 1252 392 576 1418 1504 1260 385 222 1572 1752 1204 1213 240 1369 893 512 1030 376 781 548 1327 845 490 370 326 1186 310 398 597 827 1186 1427 738 694 0 986 1428 541 624 1043 566 1237 547 1257 1212 302 486 533 311 337 1539
1201 2007 79 1855 1032 1189 2020 2128 1862 939 991 2174 2354 1806 1815 842 1992 1533 863 1633 1016 1383 1001 1929 1484 841 1010 965 1813 949 1037 1237 1467 1812 2050 1377 1296 982 0 2030 1144 1263 1669 1120 1839 1149 1859 1814 941 1125 1135 908 977 2141
1218 342 2077 702 1361 1206 311 496 406 1508 1511 194 520 333 504 1363 519 951 1634 1101 1345 923 1557 776 779 1612 1339 1288 691 1311 1366 1105 896 691 490 953 946 1502 2108 0 1100 993 808 1387 492 1069 365 326 1314 1162 1181 1433 1277 307
173 918 1117 940 416 160 931 1039 856 547 550 1213 1303 891 768 402 903 468 673 543 400 294 597 1014 396 652 394 343 723 365 421 352 378 723 961 470 207 541 1147 1115 0 379 580 426 769 60 945 899 369 241 221 473 332 1113
299 811 1237 945 398 313 824 930 749 667 623 1106 1197 1004 661 522 795 320 793 625 382 429 830 1020 251 771 376 325 612 348 403 138 233 612 853 165 342 624 1267 1165 379 0 469 691 662 384 1036 998 351 199 485 593 314 1006
699 626 1643 760 817 686 639 599 564 1073 1042 920 945 819 475 928 464 328 1199 581 801 404 1123 834 259 1178 795 744 281 766 822 557 272 281 522 330 427 1043 1673 980 580 469 0 952 477 550 851 812 770 618 747 999 733 757
484 1290 1116 1137 615 471 1303 1410 1144 325 574 1456 1637 1088 1097 350 1275 840 424 915 599 666 280 1211 768 430 594 549 1095 533 621 664 750 1095 1333 804 579 566 1146 1312 426 691 952 0 1122 431 1142 1096 525 552 281 294 561 1423
888 323 1813 358 1030 875 335 444 107 1243 1246 604 708 374 74 1098 309 620 1369 770 1014 593 1292 432 448 1347 1008 957 361 980 1035 775 565 360 366 622 616 1237 1843 535 769 662 477 1122 0 739 406 368 983 832 916 1169 946 506
178 888 1122 945 421 165 900 1008 826 552 555 1182 1273 896 737 407 873 437 679 513 405 264 602 1019 365 657 399 348 693 371 426 357 348 692 931 439 176 547 1153 1120 60 384 550 431 739 0 950 904 374 246 226 478 337 1083
1003 427 1833 538 1246 990 396 591 320 1263 1266 434 615 88 425 1118 604 994 1389 1087 1230 797 1313 612 822 1368 1224 1173 734 1196 1251 1148 939 734 585 996 860 1257 1863 290 945 1036 851 1142 406 950 0 81 1199 1071 937 1189 1162 402
957 388 1787 499 1200 944 357 552 281 1217 1221 396 576 49 386 1072 565 955 1344 1041 1184 751 1267 574 784 1322 1179 1127 696 1150 1206 1110 900 695 546 958 815 1212 1818 252 899 998 812 1096 368 904 81 0 1154 1025 891 1143 1116 363
289 1132 915 1194 249 303 1145 1231 1070 345 311 1427 1518 1146 982 200 1096 621 471 809 233 560 508 1269 572 449 227 133 913 117 255 324 555 913 1154 465 473 302 945 1369 369 351 770 525 983 374 1199 1154 0 213 475 271 145 1327
161 980 1099 1066 260 175 993 1079 919 529 484 1275 1366 1017 830 384 944 469 655 657 244 408 692 1140 420 633 238 187 761 209 265 173 403 761 1002 313 321 486 1129 1241 241 199 618 552 832 246 1071 1025 213 0 347 455 176 1176
279 1085 1109 932 522 266 1097 1205 939 404 542 1251 1431 883 892 394 1070 634 531 710 506 460 452 1006 562 509 500 449 890 471 527 458 545 889 1128 599 373 533 1139 1107 221 485 747 281 916 226 937 891 475 347 0 373 438 1218
530 1337 887 1184 361 518 1350 1457 1191 113 320 1503 1683 1135 1144 128 1322 862 240 962 345 713 276 1258 813 218 339 295 1142 278 366 566 796 1142 1380 706 626 311 917 1359 473 593 999 294 1169 478 1189 1143 271 455 373 0 306 1470
252 1095 950 1157 212 266 1108 1194 1033 380 346 1390 1480 1108 945 235 1059 583 507 771 196 522 543 1231 535 485 190 139 876 152 217 287 517 876 1116 428 435 337 980 1332 332 314 733 561 946 337 1162 1116 145 176 438 306 0 1290
1232 224 2114 737 1374 1219 201 265 420 1544 1548 258 245 370 517 1399 318 947 1671 1114 1358 937 1594 811 792 1649 1352 1301 633 1324 1379 1119 891 639 259 949 960 1539 2145 531 1113 1006 757 1423 506 1083 402 363 1327 1176 1218 1470 1290 0
EOF