NAME : tsp_problem
TYPE : TSP
DIMENSION : 60
EDGE_WEIGHT_TYPE : EXPLICIT
EDGE_WEIGHT_FORMAT : FULL_MATRIX
EDGE_WEIGHT_SECTION
0 658 1207 1215 757 790 802 802 341 366 717 364 839 1387 1436 1293 376 911 669 1124 1711 62 483 348 913 1265 514 644 506 1043 690 1531 841 524 647 788 1480 567 561 1163 527 1426 643 385 1520 430 980 1199 892 840 1014 979 972 495 60 838 983 1114 1287 63
658 0 1321 1336 694 600 611 616 689 321 976 711 914 1675 1725 1582 745 1199 745 1413 2000 663 852 717 988 1554 206 719 206 1217 664 1819 779 871 622 601 1769 285 371 1309 206 1714 718 733 1808 777 1130 1253 705 916 1188 1154 1146 309 661 914 1157 1402 1575 664
1207 1321 0 121 797 1608 1620 917 1179 1047 692 1282 496 587 525 382 1216 474 626 514 800 1212 1323 1188 439 353 1174 693 1166 399 736 619 776 1222 1501 902 569 1353 1379 94 1274 514 691 1222 716 1169 307 291 739 751 372 379 371 1050 1211 749 382 399 488 1213
1215 1336 121 0 812 1624 1635 932 1187 1062 700 1290 511 595 533 390 1224 482 641 522 808 1220 1332 1196 454 362 1189 708 1181 414 751 627 791 1230 1516 918 577 1368 1394 102 1289 522 706 1230 724 1177 322 306 754 767 387 394 386 1065 1219 764 397 407 497 1221
757 694 797 812 0 1041 1052 228 888 537 500 911 392 1191 1216 1073 840 715 268 928 1490 762 947 812 466 1044 547 243 539 698 146 1310 127 1071 991 213 1259 726 812 784 647 1205 242 932 1324 977 606 729 186 440 671 669 661 423 761 437 672 918 1091 763
801 624 1630 1645 1065 0 537 986 589 606 1231 612 1201 1901 1950 1807 967 1425 1032 1638 2225 806 1074 939 1275 1779 577 1006 576 1504 1034 2044 1149 772 183 972 1994 533 289 1618 493 1940 1005 633 2034 678 1439 1562 1075 1203 1475 1441 1433 679 805 1200 1444 1628 1801 807
819 642 1648 1663 1083 66 0 1004 607 625 1249 630 1220 1919 1969 1826 985 1443 1050 1656 2243 824 1093 957 1294 1797 595 1025 594 1523 1053 2063 1168 790 202 990 2012 551 307 1636 512 1958 1023 651 2052 696 1457 1580 1094 1221 1493 1459 1451 697 823 1219 1462 1646 1819 825
802 616 917 932 228 962 974 0 934 582 646 957 557 1345 1336 1193 886 869 415 1083 1611 808 993 857 631 1164 468 389 460 818 331 1430 312 1117 984 132 1380 647 733 905 568 1325 388 978 1478 1023 726 849 236 586 791 798 790 345 806 583 801 1072 1245 809
341 689 1179 1187 888 591 602 934 0 418 688 150 913 1359 1408 1265 507 883 801 1096 1683 346 615 479 967 1237 568 776 567 1015 821 1502 973 230 394 920 1452 598 354 1134 559 1398 774 91 1492 135 952 1173 1023 915 985 951 944 627 345 912 954 1086 1259 348
366 321 1047 1062 537 585 596 582 418 0 680 440 619 1380 1429 1286 449 904 449 1117 1704 371 556 421 693 1258 174 424 173 922 469 1523 621 600 478 568 1473 352 355 1035 274 1419 423 461 1513 506 856 979 672 620 892 858 850 275 370 618 861 1107 1280 372
717 976 692 700 500 1232 1243 646 688 680 0 792 332 872 921 778 726 396 351 609 1196 722 833 698 386 750 829 326 821 528 433 1015 584 732 1036 632 965 1008 995 648 929 911 324 732 1005 678 465 672 643 333 499 464 457 708 721 331 468 599 772 723
364 711 1282 1290 911 613 625 957 150 440 792 0 993 1462 1511 1368 530 986 823 1199 1786 369 638 502 1067 1340 590 798 590 1118 844 1605 995 333 441 942 1555 621 376 1238 581 1501 797 194 1595 239 1055 1276 1046 995 1089 1054 1047 650 368 992 1057 1189 1362 370
839 914 496 511 392 1180 1191 557 913 619 332 993 0 867 915 772 922 391 198 604 1190 844 1029 894 142 744 767 264 759 398 331 1009 371 957 1073 542 959 946 950 484 867 905 263 957 1000 903 305 428 379 343 370 345 338 645 843 341 348 594 767 845
1387 1675 587 595 1191 1902 1914 1345 1359 1380 872 1462 867 0 362 274 1396 529 997 292 857 1392 1503 1368 920 315 1528 1025 1520 786 1130 677 1170 1402 1706 1331 254 1707 1665 543 1628 357 1024 1402 213 1349 723 772 1178 1033 756 722 715 1407 1391 1030 725 435 141 1393
1436 1725 525 533 1216 1952 1963 1336 1408 1429 921 1511 915 362 0 365 1446 580 1045 497 532 1441 1553 1418 858 253 1578 1074 1569 818 1155 352 1195 1452 1755 1321 152 1757 1715 481 1678 255 1073 1452 299 1398 726 710 1158 1082 791 772 764 1456 1440 1080 775 382 423 1443
1293 1582 382 390 1073 1809 1820 1193 1265 1286 778 1368 772 274 365 0 1303 437 902 283 861 1298 1410 1275 715 194 1435 931 1426 675 1012 680 1052 1309 1612 1178 409 1614 1572 338 1535 354 930 1309 407 1255 583 567 1015 939 648 629 621 1313 1297 937 632 239 174 1300
376 745 1216 1224 840 957 968 886 507 449 726 530 922 1396 1446 1303 0 920 752 1133 1720 381 230 207 996 1274 597 727 589 1052 773 1540 924 645 814 871 1489 733 727 1172 694 1435 726 551 1529 591 989 1210 975 923 1023 989 981 579 380 921 992 1123 1296 382
911 1199 474 482 715 1426 1438 869 883 904 396 986 391 529 580 437 920 0 521 266 978 916 1027 892 445 409 1052 549 1044 310 654 797 694 926 1230 855 624 1231 1189 429 1152 570 548 926 662 873 247 468 702 557 280 246 239 931 915 554 249 256 429 917
669 745 626 641 268 1010 1022 415 801 449 351 823 198 997 1045 902 752 521 0 734 1320 674 860 724 272 874 598 94 589 528 201 1139 331 976 903 400 1089 776 781 614 698 1035 93 845 1130 889 435 558 339 291 500 475 467 476 673 288 478 724 897 676
1124 1413 514 522 928 1640 1651 1083 1096 1117 609 1199 604 292 497 283 1133 266 734 0 993 1129 1241 1105 658 326 1265 762 1257 523 867 812 908 1140 1443 1068 466 1444 1403 470 1365 486 761 1140 425 1086 460 681 915 770 494 460 452 1144 1128 768 463 172 192 1131
1707 1996 796 804 1487 2223 2234 1607 1679 1700 1192 1782 1186 831 506 834 1717 974 1316 966 0 1712 1824 1689 1129 722 1849 1345 1840 1089 1426 254 1466 1723 2026 1592 622 2028 1986 752 1949 724 1344 1723 769 1669 997 981 1429 1353 1062 1043 1035 1727 1711 1351 1046 851 892 1714
62 663 1212 1220 762 795 807 808 346 371 722 369 844 1392 1441 1298 381 916 674 1129 1716 0 488 353 918 1270 519 649 511 1048 695 1536 846 529 652 793 1485 572 566 1168 532 1431 648 390 1525 435 985 1204 897 846 1019 985 977 501 66 843 988 1119 1292 68
483 852 1323 1332 947 1064 1075 993 615 556 833 638 1029 1503 1553 1410 230 1027 860 1241 1828 488 0 315 1103 1382 705 834 697 1160 880 1647 1032 752 921 979 1597 841 835 1279 801 1542 833 659 1637 698 1097 1318 1082 1031 1130 1096 1089 686 487 1029 1099 1230 1403 490
348 717 1188 1196 812 928 940 857 479 421 698 502 894 1368 1418 1275 207 892 724 1105 1692 353 315 0 968 1246 569 699 561 1024 745 1512 896 617 785 843 1461 705 699 1144 665 1407 698 523 1501 563 961 1182 947 895 995 961 953 550 352 893 964 1095 1268 354
913 988 439 454 466 1254 1265 631 967 693 386 1067 142 920 858 715 996 445 272 658 1133 918 1103 968 0 687 841 338 833 340 405 952 445 1011 1147 616 902 1020 1024 427 941 847 337 1011 1049 957 248 371 453 397 313 320 312 719 917 395 323 648 821 919
1265 1554 353 362 1044 1780 1792 1164 1237 1258 750 1340 744 315 253 194 1274 409 874 326 748 1270 1382 1246 687 0 1406 903 1398 647 983 568 1024 1281 1584 1150 296 1585 1544 309 1506 242 902 1281 443 1227 555 539 986 911 620 600 593 1285 1269 908 603 211 300 1271
514 206 1174 1189 547 553 564 468 568 174 829 590 767 1528 1578 1435 597 1052 598 1265 1852 519 705 569 841 1406 0 572 59 1070 517 1672 632 750 575 454 1622 238 324 1162 159 1567 571 611 1661 656 983 1106 558 769 1041 1007 999 161 518 766 1010 1255 1428 521
644 719 693 708 243 985 996 389 776 424 326 798 264 1025 1074 931 727 549 94 762 1349 649 834 699 338 903 572 0 564 567 176 1169 328 951 878 375 1118 751 755 680 672 1064 68 819 1158 864 502 624 387 265 537 503 496 451 648 263 506 752 925 650
506 206 1166 1181 539 552 564 460 567 173 821 590 759 1520 1569 1426 589 1044 589 1257 1844 511 697 561 833 1398 59 564 0 1062 509 1664 623 750 574 446 1613 237 323 1154 159 1559 563 611 1653 655 975 1098 550 760 1032 998 991 153 510 758 1001 1247 1420 513
1043 1217 399 414 698 1483 1494 818 1015 922 528 1118 398 786 818 675 1052 310 528 523 1093 1048 1160 1024 340 647 1070 567 1062 0 637 912 678 1059 1362 804 862 1249 1253 387 1170 808 566 1059 919 1005 110 331 640 575 114 153 145 949 1047 572 156 513 686 1050
690 664 736 751 146 1011 1022 331 821 469 433 844 331 1130 1155 1012 773 654 201 867 1429 695 880 745 405 983 517 176 509 637 0 1249 230 1004 923 317 1199 696 781 723 617 1144 175 865 1263 910 545 668 290 372 610 608 600 393 694 370 611 857 1030 696
1527 1815 615 623 1306 2042 2053 1426 1498 1520 1012 1602 1006 650 325 654 1536 793 1136 786 254 1532 1643 1508 948 541 1668 1165 1660 909 1245 0 1286 1542 1846 1412 441 1847 1805 571 1768 544 1164 1542 588 1488 816 800 1248 1173 881 862 855 1547 1531 1170 865 671 711 1533
841 779 776 791 127 1126 1137 312 973 621 584 995 371 1170 1195 1052 924 694 331 908 1470 846 1032 896 445 1024 632 328 623 678 230 1289 0 1155 1075 298 1239 811 896 764 732 1185 326 1017 1303 1061 585 708 213 524 650 649 641 508 845 522 652 897 1070 848
472 819 1211 1219 1019 721 733 1065 178 548 721 281 945 1391 1440 1297 596 915 932 1128 1715 477 704 568 999 1269 698 906 698 1047 952 1534 1104 0 525 1050 1484 729 485 1167 689 1430 905 222 1524 168 984 1205 1154 947 1018 983 976 758 476 944 987 1118 1291 478
675 498 1504 1519 939 400 411 861 464 481 1105 486 1076 1775 1825 1682 841 1299 906 1512 2099 680 949 813 1150 1653 451 881 451 1379 909 1919 1024 646 0 846 1869 408 163 1492 368 1814 880 507 1908 552 1313 1436 950 1077 1349 1315 1307 554 679 1075 1318 1502 1675 682
788 601 902 918 213 948 959 132 920 568 632 942 542 1331 1321 1178 871 855 400 1068 1596 793 979 843 616 1150 454 375 446 804 317 1415 298 1102 970 0 1365 633 719 890 554 1311 374 964 1464 1008 711 834 221 571 776 783 776 330 792 569 786 1058 1231 794
1480 1769 569 577 1259 1996 2007 1380 1452 1473 965 1555 959 254 152 409 1489 624 1089 466 648 1485 1597 1461 902 296 1622 1118 1613 862 1199 468 1239 1496 1799 1365 0 1800 1759 525 1722 299 1117 1496 192 1442 770 754 1202 1126 835 816 808 1500 1484 1124 819 426 315 1487
567 285 1353 1368 726 509 521 647 598 352 1008 621 946 1707 1757 1614 733 1231 776 1444 2031 572 841 705 1020 1585 238 751 237 1249 696 1851 811 781 531 633 1800 0 280 1341 155 1746 750 642 1840 687 1162 1285 737 948 1220 1185 1178 340 571 945 1189 1434 1607 573
561 371 1379 1394 812 290 302 733 354 355 995 376 950 1665 1715 1572 727 1189 781 1403 1990 566 835 699 1024 1544 324 755 323 1253 781 1809 896 536 287 719 1759 280 0 1367 240 1704 754 398 1799 442 1188 1311 822 952 1224 1190 1182 426 565 950 1193 1392 1565 567
1163 1309 94 102 784 1596 1608 905 1134 1035 648 1238 484 543 481 338 1172 429 614 470 756 1168 1279 1144 427 309 1162 680 1154 387 723 575 764 1178 1482 890 525 1341 1367 0 1262 470 679 1178 671 1124 295 279 727 739 360 367 359 1038 1167 737 370 355 444 1169
527 206 1274 1289 647 470 481 568 559 274 929 581 867 1628 1678 1535 694 1152 698 1365 1952 532 801 665 941 1506 159 672 159 1170 617 1772 732 741 492 554 1722 155 240 1262 0 1667 671 602 1761 647 1083 1206 658 869 1141 1107 1099 261 531 866 1110 1355 1528 534
1426 1714 514 522 1205 1941 1953 1325 1398 1419 911 1501 905 357 255 354 1435 570 1035 486 751 1431 1542 1407 847 242 1567 1064 1559 808 1144 570 1185 1441 1745 1311 299 1746 1704 470 1667 0 1063 1441 446 1388 715 699 1147 1072 780 761 754 1446 1430 1069 764 371 418 1432
643 718 691 706 242 984 995 388 774 423 324 797 263 1024 1073 930 726 548 93 761 1348 648 833 698 337 902 571 68 563 566 175 1167 326 949 877 374 1117 750 754 679 671 1063 0 818 1157 863 500 623 386 264 536 502 494 450 647 262 505 751 924 649
385 733 1222 1230 932 634 646 978 91 461 732 194 957 1402 1452 1309 551 926 845 1140 1727 390 659 523 1011 1281 611 819 611 1059 865 1546 1017 273 438 964 1496 642 398 1178 602 1441 818 0 1536 179 996 1217 1067 958 1029 995 987 671 389 956 998 1129 1302 392
1520 1808 716 724 1324 2035 2047 1478 1492 1513 1005 1595 1000 213 299 407 1529 662 1130 425 795 1525 1637 1501 1049 443 1661 1158 1653 919 1263 614 1303 1536 1839 1464 192 1840 1799 671 1761 446 1157 1536 0 1482 856 901 1311 1166 889 855 848 1540 1524 1163 858 568 275 1526
357 737 1074 1082 904 870 881 950 421 456 583 443 808 1254 1303 1160 456 777 817 991 1578 362 564 428 862 1132 605 791 605 910 837 1397 989 502 727 936 1347 646 640 1029 607 1292 790 465 1387 0 847 1068 1039 810 880 846 839 643 361 807 849 981 1154 364
980 1130 307 322 606 1417 1429 726 952 856 465 1055 305 723 726 583 989 247 435 460 1001 985 1097 961 248 555 983 502 975 110 545 820 585 996 1299 711 770 1162 1188 295 1083 715 500 996 856 942 0 239 548 512 83 90 82 859 984 509 93 450 623 987
1199 1253 291 306 729 1540 1552 849 1173 979 672 1276 428 772 710 567 1210 468 558 681 985 1204 1318 1182 371 539 1106 624 1098 331 668 804 708 1217 1433 834 754 1285 1311 279 1206 699 623 1217 901 1163 239 0 671 683 304 311 303 982 1203 681 314 584 674 1206
892 705 739 754 186 1052 1063 236 1023 672 643 1046 379 1178 1158 1015 975 702 339 915 1433 897 1082 947 453 986 558 387 550 640 290 1252 213 1206 1074 221 1202 737 822 727 658 1147 386 1067 1311 1112 548 671 0 584 613 620 612 434 896 581 623 905 1078 898
840 916 751 767 440 1181 1193 586 915 620 333 995 343 1033 1082 939 923 557 291 770 1357 846 1031 895 397 911 769 265 760 575 372 1176 524 958 1074 571 1126 948 952 739 869 1072 264 958 1166 905 512 683 584 0 545 511 503 647 844 26 514 760 933 847
1014 1188 372 387 671 1453 1465 791 985 892 499 1089 370 756 791 648 1023 280 500 494 1066 1019 1130 995 313 620 1041 537 1032 114 610 885 650 1029 1332 776 835 1220 1224 360 1141 780 536 1029 889 975 83 304 613 545 0 123 116 919 1018 543 126 483 656 1020
979 1154 379 394 669 1419 1431 798 951 858 464 1054 345 722 772 629 989 246 475 460 1047 985 1096 961 320 600 1007 503 998 153 608 866 649 995 1298 783 816 1185 1190 367 1107 761 502 995 855 941 90 311 620 511 123 0 35 885 983 509 46 449 622 986
972 1146 371 386 661 1412 1423 790 944 850 457 1047 338 715 764 621 981 239 467 452 1039 977 1089 953 312 593 999 496 991 145 600 858 641 987 1291 776 808 1178 1182 359 1099 754 494 987 848 934 82 303 612 503 116 35 0 878 976 501 38 442 615 978
495 309 1050 1065 423 655 667 345 627 275 708 650 645 1407 1456 1313 579 931 476 1144 1731 501 686 550 719 1285 161 451 153 949 393 1550 508 810 677 330 1500 340 426 1038 261 1446 450 671 1540 716 859 982 434 647 919 885 878 0 499 645 888 1134 1307 502
60 661 1211 1219 761 794 806 806 345 370 721 368 843 1391 1440 1297 380 915 673 1128 1715 66 487 352 917 1269 518 648 510 1047 694 1534 845 528 651 792 1484 571 565 1167 531 1430 647 389 1524 434 984 1203 896 844 1018 983 976 499 0 842 987 1118 1291 67
838 914 749 764 437 1179 1190 583 912 618 331 992 341 1030 1080 937 921 554 288 768 1355 843 1029 893 395 908 766 263 758 572 370 1174 522 956 1072 569 1124 945 950 737 866 1069 262 956 1163 902 509 681 581 26 543 509 501 645 842 0 512 757 930 845
983 1157 382 397 672 1422 1434 801 954 861 468 1057 348 725 775 632 992 249 478 463 1050 988 1099 964 323 603 1010 506 1001 156 611 869 652 998 1301 786 819 1189 1193 370 1110 764 505 998 858 944 93 314 623 514 126 46 38 888 987 512 0 452 625 989
1114 1402 399 407 918 1629 1641 1072 1086 1107 599 1189 594 435 382 239 1123 256 724 172 878 1119 1230 1095 648 211 1255 752 1247 513 857 697 897 1129 1433 1058 426 1434 1392 355 1355 371 751 1129 568 1076 450 584 905 760 483 449 442 1134 1118 757 452 0 335 1120
1287 1575 488 497 1091 1802 1814 1245 1259 1280 772 1362 767 141 423 174 1296 429 897 192 918 1292 1403 1268 821 300 1428 925 1420 686 1030 738 1070 1302 1606 1231 315 1607 1565 444 1528 418 924 1302 275 1249 623 674 1078 933 656 622 615 1307 1291 930 625 335 0 1293
63 664 1213 1221 763 797 808 809 348 372 723 370 845 1393 1443 1300 382 917 676 1131 1718 68 490 354 919 1271 521 650 513 1050 696 1537 848 530 654 794 1487 573 567 1169 534 1432 649 392 1526 436 987 1206 898 847 1020 986 978 502 67 845 989 1120 1293 0
EOF
