NAME : tsp_problem
TYPE : TSP
DIMENSION : 24
EDGE_WEIGHT_TYPE : EXPLICIT
EDGE_WEIGHT_FORMAT : FULL_MATRIX
EDGE_WEIGHT_SECTION
0 901 1695 435 937 1447 836 386 1062 903 380 564 323 329 1241 962 781 945 1245 1185 1494 1312 1890 1025
901 0 846 1040 160 598 520 699 732 746 1143 1328 888 991 392 532 999 507 396 337 711 503 1042 248
1691 842 0 1830 951 538 1309 1489 1453 1536 1934 2118 1679 1781 732 1322 1731 1296 784 724 651 842 232 1033
435 1040 1834 0 1077 1586 602 401 755 647 391 355 236 159 1380 786 475 711 1384 1282 1633 1452 2030 1050
937 160 954 1077 0 597 557 736 769 782 1180 1364 925 1028 391 569 1035 544 505 445 642 460 1150 284
1447 598 565 1586 597 0 1065 1245 1209 1292 1689 1874 1435 1537 289 1078 1487 1052 540 480 137 394 760 789
836 520 1313 602 557 1065 0 576 395 308 833 928 546 601 859 283 561 197 826 724 1114 932 1509 530
386 699 1493 401 736 1245 576 0 802 643 588 719 214 317 1039 760 522 685 1043 983 1292 1110 1689 823
1062 732 1456 755 769 1209 395 802 0 203 1059 973 772 827 1003 579 386 262 970 868 1322 1113 1652 674
903 746 1540 647 782 1292 308 643 203 0 901 865 613 668 1086 491 278 313 1064 962 1339 1157 1735 755
528 1292 2086 343 1329 1838 915 695 963 854 0 348 533 429 1632 1099 683 1007 1636 1576 1885 1703 2282 1363
677 1441 2235 491 1478 1987 1064 844 1111 1003 633 0 682 577 1781 1248 831 1156 1785 1725 2034 1852 2430 1512
323 882 1676 236 919 1429 546 214 772 613 449 557 0 155 1223 729 491 655 1227 1167 1476 1294 1872 993
329 985 1779 159 1022 1531 601 317 827 668 346 441 155 0 1325 785 547 711 1330 1270 1579 1397 1975 1049
1241 392 758 1380 391 289 859 1039 1003 1086 1483 1668 1229 1331 0 872 1281 846 334 274 391 135 954 583
962 532 1326 786 569 1078 283 760 579 491 1017 1112 729 785 872 0 744 435 876 816 1125 943 1521 542
781 999 1735 475 1035 1487 561 522 386 278 779 693 491 547 1281 744 0 540 1248 1146 1592 1391 1930 952
945 507 1300 711 544 1052 197 685 262 313 943 1018 655 711 846 435 540 0 813 711 1100 918 1495 517
1245 396 788 1384 505 540 826 1043 970 1064 1488 1672 1233 1335 334 876 1248 813 0 241 653 444 983 550
1238 460 852 1162 497 605 604 1036 748 842 1393 1488 1106 1161 399 705 1026 591 366 0 718 509 1048 328
1494 711 678 1633 642 137 1114 1292 1322 1339 1737 1921 1482 1585 391 1125 1592 1100 653 593 0 282 873 841
1312 503 868 1452 460 394 932 1110 1113 1157 1555 1739 1300 1403 135 943 1391 918 444 384 282 0 1064 659
1886 1038 232 2026 1146 734 1505 1685 1648 1731 2129 2313 1874 1977 927 1518 1926 1492 979 920 847 1038 0 1228
1025 248 1037 1050 284 789 530 823 674 755 1267 1376 993 1049 583 542 952 517 550 448 841 659 1232 0
EOF