NAME : tsp_problem
TYPE : TSP
DIMENSION : 64
EDGE_WEIGHT_TYPE : EXPLICIT
EDGE_WEIGHT_FORMAT : FULL_MATRIX
EDGE_WEIGHT_SECTION
0 1215 317 874 478 1400 1515 1511 1318 598 1564 1555 1240 1386 508 761 1764 181 907 430 724 300 1459 1439 1587 993 1153 1640 814 874 196 1191 780 753 1537 767 1593 381 453 875 1612 578 761 1021 770 586 270 434 862 515 1223 410 1940 1589 1576 668 693 1199 1385 843 1720 592 593 506
1215 0 1037 888 913 230 425 376 759 668 474 411 892 216 725 760 712 1073 631 903 762 1415 434 453 443 770 804 550 800 818 1158 727 921 752 367 767 450 904 926 637 477 704 1173 748 768 675 1158 907 804 988 737 933 836 446 441 951 1105 707 359 786 669 664 713 979
317 1037 0 696 260 1222 1337 1333 1140 420 1386 1377 1062 1208 330 583 1586 175 729 252 546 522 1281 1261 1409 815 975 1462 636 696 260 1013 602 575 1359 589 1415 203 275 697 1434 400 583 843 592 408 255 256 684 337 1045 232 1762 1411 1398 490 515 1021 1207 665 1542 414 415 328
874 888 696 0 718 843 692 789 480 473 813 832 749 712 530 338 1169 732 468 525 275 1075 1249 614 864 155 661 816 287 153 817 353 143 330 863 318 871 708 454 436 890 509 581 231 347 480 900 529 549 396 384 737 1237 867 854 358 513 360 1057 531 1125 469 518 602
478 913 260 718 0 1099 1214 1210 1076 369 1263 1254 939 1085 205 460 1463 353 606 430 462 700 1158 1138 1286 812 852 1339 658 718 439 915 623 452 1236 467 1292 182 453 574 1311 274 761 721 468 375 262 434 561 515 946 211 1639 1288 1275 651 694 922 1083 542 1419 364 290 507
1395 230 1217 843 1093 0 381 167 714 848 287 205 927 200 905 940 530 1253 738 1083 942 1595 440 408 237 726 840 420 856 774 1338 683 876 932 161 947 243 1084 1106 744 269 885 1309 703 948 855 1338 1087 911 1124 692 1113 629 240 232 1087 1241 663 248 892 486 844 893 1159
1515 425 1337 692 1214 381 0 307 401 969 189 370 877 249 1026 946 655 1373 688 1181 931 1716 786 117 365 574 790 193 805 705 1458 495 800 938 400 953 359 1204 1110 694 287 1005 1237 555 955 976 1459 1186 861 1052 463 1234 613 364 315 1015 1169 475 594 842 663 965 1014 1258
1511 376 1333 789 1210 167 307 0 640 965 138 105 873 245 1022 942 442 1369 684 1199 944 1711 563 354 130 671 785 271 801 719 1454 628 822 934 136 949 124 1200 1127 689 120 1001 1255 649 950 972 1455 1203 857 1070 638 1229 488 129 83 1032 1187 608 372 838 398 961 1010 1276
1318 759 1140 480 1076 714 401 640 0 831 523 703 739 582 888 782 988 1176 550 969 719 1519 1119 345 698 407 652 526 640 512 1262 220 587 774 734 763 692 1066 898 556 620 867 1025 388 791 838 1321 973 723 840 186 1096 946 697 648 802 957 215 928 705 996 827 876 1046
598 668 420 473 369 854 969 965 831 0 1018 1008 694 840 180 215 1217 456 361 286 217 799 913 893 1040 567 606 1094 413 473 541 670 378 207 991 222 1047 359 310 329 1066 160 618 476 223 59 613 291 316 371 701 388 1394 1043 1030 406 550 677 838 297 1173 65 168 363
1564 474 1386 813 1263 287 189 138 523 1018 0 225 926 298 1075 995 562 1422 737 1252 997 1765 683 238 196 696 839 193 855 772 1507 616 875 987 255 1002 190 1253 1181 743 185 1054 1308 676 1004 1025 1508 1256 910 1123 584 1283 554 195 149 1085 1240 596 491 891 518 1014 1063 1329
1555 411 1377 832 1254 205 370 105 703 1008 225 0 916 289 1065 985 390 1413 728 1243 988 1755 511 397 83 715 829 319 845 763 1498 672 865 978 84 993 76 1244 1171 733 168 1045 1298 693 994 1015 1498 1247 900 1114 682 1273 443 81 132 1076 1231 652 320 882 346 1004 1053 1319
1240 892 1062 749 939 927 877 873 739 694 926 916 0 796 751 671 1253 1098 413 928 673 1440 1136 801 948 650 116 1001 581 637 1183 607 707 663 947 678 955 929 908 418 974 730 1035 567 679 701 1184 932 586 850 617 958 1341 951 938 812 967 587 1062 567 1209 690 739 1005
1386 216 1208 712 1085 200 249 245 582 840 298 289 796 0 897 865 626 1244 607 1074 867 1587 577 277 321 594 708 374 724 642 1330 551 745 857 299 872 327 1075 1050 612 346 876 1178 572 873 847 1330 1079 780 993 561 1105 713 323 310 955 1110 531 385 761 582 836 885 1151
508 725 330 530 205 911 1026 1022 888 180 1075 1065 751 897 0 272 1274 366 418 415 274 713 970 950 1097 624 663 1151 469 530 451 727 435 264 1048 279 1104 195 438 386 1123 86 685 533 280 187 450 419 373 500 758 224 1451 1100 1087 463 617 734 895 354 1230 176 102 491
761 760 583 338 460 946 946 942 782 215 995 985 671 865 272 0 1309 619 338 438 83 961 1004 870 1017 457 583 1071 278 338 704 647 244 26 1016 87 1024 450 366 306 1043 251 494 453 42 222 705 442 293 309 678 479 1410 1020 1007 271 426 654 930 274 1265 211 260 515
1833 740 1655 1155 1532 534 531 406 864 1287 472 359 1256 629 1344 1326 0 1691 1068 1521 1328 2034 675 580 327 1038 1169 434 1185 1103 1776 958 1205 1318 424 1333 320 1522 1511 1073 325 1323 1638 1018 1334 1294 1777 1525 1240 1454 926 1552 410 325 353 1416 1571 938 483 1222 509 1283 1332 1598
181 1073 175 732 353 1258 1373 1369 1176 456 1422 1413 1098 1244 366 619 1622 0 765 288 582 386 1317 1297 1445 851 1011 1498 672 732 124 1049 638 611 1395 625 1451 239 311 733 1470 435 619 879 628 444 207 292 720 373 1080 268 1798 1447 1434 526 551 1057 1243 701 1578 450 451 364
907 631 729 468 606 738 688 684 550 361 737 728 413 607 418 338 1065 765 0 595 340 1108 876 612 760 378 326 813 249 357 850 419 374 330 758 345 766 596 575 86 785 397 702 287 347 368 851 600 253 517 428 626 1152 762 749 480 634 399 801 234 1021 357 406 672
430 903 252 525 430 1089 1181 1199 969 286 1252 1243 928 1074 415 438 1452 288 595 0 375 630 1147 1103 1275 644 841 1306 465 525 373 842 431 430 1225 418 1281 315 104 563 1300 394 412 672 447 274 455 55 550 166 873 345 1628 1277 1264 319 344 850 1073 531 1408 280 403 119
724 762 546 275 462 948 931 944 719 217 997 988 673 867 274 83 1311 582 340 375 0 924 1007 853 1020 394 586 1056 215 275 667 592 181 75 1018 63 1026 452 303 308 1046 253 431 422 91 224 707 379 295 246 623 482 1412 1022 1009 208 363 600 932 276 1267 213 262 452
300 1382 522 1042 700 1568 1683 1678 1486 766 1732 1722 1408 1554 713 928 1931 386 1075 597 892 0 1627 1607 1754 1161 1320 1807 982 1042 401 1359 947 921 1705 935 1760 586 621 1043 1780 782 929 1189 937 754 523 601 1029 682 1390 615 2108 1757 1744 836 861 1366 1552 1011 1887 760 798 674
1382 320 1204 1131 1081 323 669 446 1002 836 566 394 1059 460 893 927 488 1240 799 1070 930 1583 0 696 426 1014 972 689 968 1062 1325 971 1091 919 362 934 432 1071 1094 804 544 872 1341 992 936 843 1326 1074 972 1155 981 1101 665 429 507 1118 1273 951 109 953 444 832 881 1147
1439 453 1261 614 1138 408 117 354 345 893 238 397 801 277 950 870 704 1297 612 1103 853 1640 814 0 414 496 714 241 729 627 1383 416 721 862 428 877 408 1128 1032 618 336 929 1159 477 879 900 1383 1107 785 974 406 1158 662 413 364 936 1091 396 622 767 691 889 938 1180
1587 443 1409 864 1286 237 365 130 698 1040 196 83 948 321 1097 1017 422 1445 760 1275 1020 1787 543 414 0 747 861 287 877 795 1530 704 897 1009 115 1024 44 1276 1203 765 136 1077 1330 725 1026 1047 1530 1279 932 1145 714 1305 411 49 100 1108 1263 684 352 914 378 1036 1085 1351
993 770 815 155 812 726 574 671 407 567 696 715 650 594 624 457 1052 851 378 644 394 1194 1131 496 747 0 563 699 366 168 936 235 262 449 746 437 753 803 573 346 773 603 700 113 466 574 1019 648 459 515 266 832 1120 750 737 477 632 243 940 441 1008 563 612 721
1153 804 975 661 852 840 790 785 652 606 839 829 116 708 663 583 1166 1011 326 841 586 1353 1049 714 861 563 0 914 494 550 1096 520 619 576 860 591 867 842 820 331 887 643 948 480 592 613 1096 845 498 763 530 871 1253 864 851 725 880 500 974 480 1122 602 651 917
1640 550 1462 816 1339 420 193 271 526 1094 193 319 1001 374 1151 1071 558 1498 813 1306 1056 1840 806 241 287 699 914 0 930 830 1583 619 924 1063 384 1078 281 1329 1235 818 190 1130 1362 680 1079 1100 1583 1310 985 1177 587 1358 516 286 218 1139 1294 599 615 967 641 1090 1139 1383
814 800 636 287 658 856 805 801 640 413 855 845 581 724 469 278 1182 672 249 465 215 1014 1045 729 877 366 494 930 0 287 757 468 192 270 876 258 883 648 393 217 903 449 521 275 287 419 840 469 330 336 499 677 1269 880 866 298 453 476 970 311 1138 409 458 542
874 818 696 153 718 774 705 719 512 473 772 763 637 642 530 338 1100 732 357 525 275 1075 1153 627 795 168 550 830 287 0 818 366 143 330 793 319 801 708 454 325 821 509 581 192 347 480 900 530 438 396 397 737 1187 797 784 359 513 373 987 419 1056 469 518 602
196 1158 260 817 439 1344 1458 1454 1262 541 1507 1498 1183 1330 451 704 1707 124 850 373 667 401 1402 1383 1530 936 1096 1583 757 818 0 1134 723 696 1480 710 1536 324 396 818 1556 521 704 964 713 529 261 377 805 458 1166 353 1884 1532 1519 612 637 1142 1328 786 1663 535 536 450
1191 727 1013 353 915 683 495 628 220 670 616 672 607 551 727 647 1009 1049 419 842 592 1392 1088 416 704 235 520 619 468 366 1134 0 460 639 703 635 710 905 771 424 713 706 898 216 655 677 1160 846 562 713 59 934 1040 707 693 675 830 44 896 543 965 666 715 919
780 921 602 143 623 876 800 822 587 378 875 865 707 745 435 244 1202 638 374 431 181 980 1168 721 897 262 619 924 192 143 723 460 0 236 896 224 904 613 359 342 923 414 486 295 252 385 806 435 455 302 492 643 1290 900 887 264 419 468 1090 436 1158 374 423 507
753 752 575 330 452 938 938 934 774 207 987 978 663 857 264 26 1301 611 330 430 75 953 996 862 1009 449 576 1063 270 330 696 639 236 0 1008 79 1016 442 358 298 1035 243 486 445 34 214 697 434 285 301 670 471 1402 1012 999 263 418 646 922 266 1257 203 252 507
1531 367 1353 863 1230 161 400 136 734 985 255 84 947 299 1042 1016 421 1389 758 1219 1018 1732 480 428 115 746 860 384 876 793 1475 703 896 1008 0 1023 122 1220 1202 764 233 1021 1329 723 1025 992 1475 1224 931 1144 712 1250 508 118 197 1106 1261 682 288 912 377 981 1030 1296
767 767 589 318 467 953 953 949 763 222 1002 993 678 872 279 87 1316 625 345 418 63 968 1011 877 1024 437 591 1078 258 319 710 635 224 79 1023 0 1031 457 347 313 1050 258 474 460 96 229 712 422 300 289 667 486 1417 1027 1014 251 406 643 937 281 1272 218 267 495
1593 450 1415 871 1292 243 359 124 692 1047 190 76 955 327 1104 1024 428 1451 766 1281 1026 1793 550 408 44 753 867 281 883 801 1536 710 904 1016 122 1031 0 1282 1209 771 130 1083 1337 731 1032 1054 1537 1285 939 1152 720 1311 405 43 94 1114 1269 690 358 920 384 1043 1092 1358
381 904 203 708 182 1089 1204 1200 1066 359 1253 1244 929 1075 195 450 1453 239 596 315 452 586 1148 1128 1276 803 842 1329 648 708 324 905 613 442 1226 457 1282 0 339 564 1301 264 647 711 459 366 407 319 551 400 936 73 1629 1278 1265 554 579 913 1074 532 1409 355 280 392
453 926 275 454 453 1112 1110 1127 898 310 1181 1171 908 1050 438 366 1475 311 575 104 303 653 1171 1032 1203 573 820 1235 393 454 396 771 359 358 1202 347 1209 339 0 543 1229 417 435 601 375 298 479 108 573 94 802 368 1595 1206 1193 248 368 778 1096 555 1431 303 426 181
875 637 697 436 574 744 694 689 556 329 743 733 418 612 386 306 1070 733 86 563 308 1075 882 618 765 346 331 818 217 325 818 424 342 298 764 313 771 564 543 0 791 365 670 255 315 336 819 567 221 485 434 593 1157 768 755 447 602 404 807 202 1026 325 374 640
1612 477 1434 890 1311 269 287 120 620 1066 185 168 974 346 1123 1043 448 1470 785 1300 1046 1813 661 336 136 773 887 190 903 821 1556 713 923 1035 233 1050 130 1301 1229 791 0 1102 1356 751 1052 1073 1556 1305 958 1171 682 1331 407 135 89 1134 1288 693 469 940 496 1062 1111 1377
578 704 400 509 274 890 1005 1001 867 160 1054 1045 730 876 86 251 1254 435 397 394 253 782 949 929 1077 603 643 1130 449 509 521 706 414 243 1027 258 1083 264 417 365 1102 0 664 512 259 166 519 398 352 479 737 294 1430 1079 1066 442 597 713 875 333 1210 156 81 471
748 1173 570 581 748 1309 1237 1255 1025 604 1308 1298 1035 1178 685 494 1635 606 702 398 431 948 1418 1159 1330 700 948 1362 521 581 691 898 486 486 1329 474 1337 633 422 670 1356 664 0 728 502 592 773 403 706 413 929 663 1723 1333 1320 375 121 906 1343 688 1591 598 673 475
1021 748 843 231 721 703 555 649 388 476 676 693 567 572 533 453 1030 879 287 672 422 1222 1083 477 725 113 480 680 275 192 964 216 295 445 723 460 731 711 601 255 751 512 728 0 462 483 966 676 368 543 247 741 1100 727 714 505 660 223 917 349 986 472 521 749
770 768 592 347 468 954 955 950 791 223 1004 994 679 873 280 42 1317 628 347 447 91 970 1013 879 1026 466 592 1079 287 347 713 655 252 34 1025 96 1032 459 375 315 1052 259 502 462 0 230 713 451 301 318 687 488 1418 1029 1016 280 435 663 938 283 1273 219 268 523
586 675 408 480 375 861 976 972 838 59 1025 1015 701 847 187 222 1224 444 368 274 224 787 920 900 1047 574 613 1100 419 480 529 677 385 214 998 229 1054 366 298 336 1073 166 606 483 230 0 612 278 322 359 708 395 1401 1050 1037 413 538 684 845 304 1180 53 175 351
270 1158 255 900 262 1344 1459 1455 1321 613 1508 1498 1184 1330 450 705 1707 207 851 455 707 523 1403 1383 1530 1019 1096 1583 840 900 261 1160 806 697 1481 712 1537 407 479 819 1556 519 787 966 713 612 0 460 805 541 1191 436 1884 1533 1520 694 719 1167 1328 787 1663 609 535 532
434 907 256 529 434 1093 1186 1203 973 291 1256 1247 932 1079 419 442 1456 292 600 55 379 634 1152 1107 1279 648 845 1310 469 530 377 846 435 434 1230 422 1285 319 108 567 1305 398 416 676 451 278 460 0 554 170 878 349 1633 1281 1268 323 349 854 1077 536 1412 284 407 107
862 804 684 549 561 911 861 857 723 316 910 900 586 780 373 293 1237 720 253 550 295 1062 1049 785 932 459 498 985 330 438 805 562 455 285 931 300 939 551 573 221 958 352 706 368 301 322 805 554 0 521 593 580 1325 935 922 484 638 569 974 49 1193 312 361 627
515 988 337 396 515 1124 1052 1070 840 371 1123 1114 850 993 500 309 1451 373 517 166 246 715 1232 974 1145 515 763 1177 336 396 458 713 302 301 1144 289 1152 400 94 485 1171 479 413 543 318 359 541 170 521 0 744 430 1538 1148 1135 190 345 721 1158 503 1407 365 488 242
1223 737 1045 384 946 692 463 638 186 701 584 682 617 561 758 678 1019 1080 428 873 623 1423 1098 406 714 266 530 587 499 397 1166 59 492 670 712 667 720 936 802 434 682 737 929 247 687 708 1191 878 593 744 0 965 1008 716 703 707 861 54 906 574 975 697 746 950
410 933 232 737 211 1119 1234 1229 1096 388 1283 1273 958 1105 224 479 1482 268 626 345 482 615 1178 1158 1305 832 871 1358 677 737 353 934 643 471 1256 486 1311 73 368 593 1331 294 676 741 488 395 436 349 580 430 965 0 1659 1308 1295 583 608 942 1103 562 1438 384 309 421
1928 835 1750 1250 1627 629 626 501 959 1382 566 454 1351 724 1439 1420 183 1786 1163 1616 1423 2128 770 675 422 1132 1264 529 1280 1198 1871 1053 1300 1413 519 1428 415 1617 1606 1168 420 1418 1733 1113 1429 1389 1872 1620 1335 1549 1021 1646 0 420 448 1511 1666 1033 578 1317 604 1378 1427 1693
1589 446 1411 867 1288 240 364 129 697 1043 195 81 951 323 1100 1020 425 1447 762 1277 1022 1790 546 413 49 750 864 286 880 797 1532 707 900 1012 118 1027 43 1278 1206 768 135 1079 1333 727 1029 1050 1533 1281 935 1148 716 1308 410 0 99 1110 1265 687 354 916 381 1039 1088 1354
1576 441 1398 854 1275 232 315 83 648 1030 149 132 938 310 1087 1007 477 1434 749 1264 1009 1777 625 364 100 737 851 218 866 784 1519 693 887 999 197 1014 94 1265 1193 755 89 1066 1320 714 1016 1037 1520 1268 922 1135 703 1295 435 99 0 1097 1252 673 433 903 460 1026 1075 1341
668 951 490 358 651 1087 1015 1032 802 406 1085 1076 812 955 463 271 1413 526 480 319 208 869 1195 936 1108 477 725 1139 298 359 612 675 264 263 1106 251 1114 554 248 447 1134 442 375 505 280 413 694 323 484 190 707 583 1500 1110 1097 0 307 683 1121 465 1369 402 451 396
680 1105 502 513 680 1241 1169 1187 957 537 1240 1231 967 1110 617 426 1568 538 634 331 363 880 1350 1091 1263 632 880 1294 453 513 623 830 419 418 1261 406 1269 566 354 602 1288 597 121 660 435 524 706 335 638 345 861 595 1655 1265 1252 307 0 838 1275 620 1524 530 605 408
1199 707 1021 360 922 663 475 608 215 677 596 652 587 531 734 654 989 1057 399 850 600 1399 1068 396 684 243 500 599 476 373 1142 44 468 646 682 643 690 913 778 404 693 713 906 223 663 684 1167 854 569 721 54 942 1020 687 673 683 838 0 876 551 945 673 722 927
1385 322 1207 1057 1083 248 594 372 928 838 491 320 1062 385 895 930 414 1243 801 1073 932 1585 226 622 352 940 974 615 970 987 1328 896 1090 922 288 937 358 1074 1096 807 469 875 1343 917 938 845 1328 1077 974 1158 906 1103 590 354 433 1121 1275 876 0 956 370 834 883 1149
843 786 665 531 542 892 842 838 705 297 891 882 567 761 354 274 1219 701 234 531 276 1044 1030 767 914 441 480 967 311 419 786 543 436 266 912 281 920 532 555 202 940 333 688 349 283 304 787 536 49 503 574 562 1306 916 903 465 620 551 956 0 1175 293 342 608
1809 716 1631 1130 1507 510 506 381 840 1262 447 334 1232 604 1319 1301 63 1667 1043 1497 1303 2009 650 555 302 1013 1144 410 1160 1078 1752 933 1181 1293 399 1308 296 1498 1486 1049 300 1298 1614 993 1310 1269 1752 1501 1216 1429 901 1527 385 301 328 1391 1546 913 458 1197 0 1258 1307 1573
592 664 414 469 364 850 965 961 827 65 1014 1004 690 836 176 211 1213 450 357 280 213 792 909 889 1036 563 602 1090 409 469 535 666 374 203 987 218 1043 355 303 325 1062 156 612 472 219 53 609 284 312 365 697 384 1390 1039 1026 402 544 673 834 293 1169 0 164 357
593 713 415 518 290 899 1014 1010 876 168 1063 1053 739 885 102 260 1262 451 406 403 262 798 958 938 1085 612 651 1139 458 518 536 715 423 252 1036 267 1092 280 426 374 1111 81 673 521 268 175 535 407 361 488 746 309 1439 1088 1075 451 605 722 883 342 1218 164 0 479
506 979 328 602 507 1165 1258 1276 1046 363 1329 1319 1005 1151 491 515 1528 364 672 119 452 707 1224 1180 1351 721 917 1383 542 602 450 919 507 507 1302 495 1358 392 181 640 1377 471 489 749 523 351 532 107 627 242 950 421 1705 1354 1341 396 421 927 1149 608 1485 357 479 0
EOF