NAME : tsp_problem
TYPE : TSP
DIMENSION : 58
EDGE_WEIGHT_TYPE : EXPLICIT
EDGE_WEIGHT_FORMAT : FULL_MATRIX
EDGE_WEIGHT_SECTION
0 478 699 642 769 1131 735 212 486 656 414 408 919 350 571 391 687 1059 771 775 189 729 665 493 641 777 1509 479 757 742 488 201 675 202 637 70 947 697 1060 164 709 1064 757 659 693 1400 520 197 921 128 1197 526 128 1861 1378 1144 714 881
478 0 312 256 378 726 343 618 630 800 634 552 527 714 716 375 258 654 342 919 410 343 809 200 254 391 1118 222 901 313 632 312 246 395 962 492 556 893 655 435 323 659 329 982 301 1008 696 533 530 388 805 269 377 1469 986 753 910 476
699 312 0 111 415 801 381 839 851 1021 855 773 565 935 937 596 385 781 469 1124 631 50 904 464 287 98 1155 478 1106 440 755 533 355 616 1183 713 593 1114 781 656 355 786 455 1203 339 1046 917 754 567 609 843 526 598 1507 1024 790 1132 602
642 256 111 0 359 745 324 783 795 965 799 717 508 879 880 540 329 724 413 1068 574 141 847 408 230 189 1099 422 1049 383 699 477 299 559 1127 657 537 1058 725 600 299 730 399 1146 282 990 861 698 511 553 786 469 542 1451 968 734 1075 545
769 378 415 359 0 427 89 910 922 1022 926 817 191 1006 938 534 220 456 304 1097 701 446 877 352 286 494 781 374 1079 275 728 604 190 686 1254 784 219 1185 447 727 354 452 290 1273 126 672 988 825 193 680 469 421 669 1133 650 416 1202 228
1131 726 801 745 427 0 475 1274 1229 1190 1312 985 435 1391 1106 813 513 113 483 1265 1063 831 1045 700 639 879 582 698 1247 505 896 989 556 990 1601 1145 387 1442 104 1082 590 108 469 1598 511 366 1311 1115 281 1066 242 649 1030 827 344 411 1460 378
735 343 381 324 89 475 0 876 888 1014 892 808 239 971 930 499 185 504 269 1089 667 411 868 318 251 459 829 339 1070 240 720 569 155 652 1219 749 267 1150 495 692 319 500 256 1239 91 720 953 790 241 645 517 387 634 1181 698 464 1168 276
212 618 839 783 910 1274 876 0 412 694 338 446 1060 275 610 570 829 1203 913 743 368 870 633 636 781 918 1650 622 724 883 526 342 816 381 562 226 1088 621 1203 343 850 1208 899 584 833 1541 445 376 1062 271 1337 669 272 2002 1519 1285 639 1025
486 630 851 795 922 1223 888 412 0 547 184 299 1072 355 463 844 841 1236 925 362 548 882 252 749 793 930 1577 735 344 895 379 354 828 656 468 501 1015 374 1237 573 806 1241 911 465 845 1468 178 651 989 398 1265 782 431 1929 1446 1212 392 1058
656 800 1021 965 1022 1190 1014 694 547 0 657 302 1068 745 274 1013 1010 1219 1094 702 717 1051 591 919 822 1099 1544 905 683 1064 340 523 988 825 984 670 983 879 1211 742 773 1215 1080 993 972 1435 706 820 957 567 1232 952 600 1896 1413 1180 897 1105
414 634 855 799 926 1312 892 338 184 657 0 409 1076 202 572 771 845 1240 929 515 552 886 405 753 797 934 1666 739 497 899 489 358 833 583 358 428 1104 416 1241 544 866 1246 915 378 849 1557 172 578 1078 402 1354 786 435 2018 1535 1301 434 1062
408 552 773 717 817 985 808 446 299 302 409 0 862 496 218 765 762 1014 846 454 469 803 343 671 616 851 1338 657 435 816 135 275 750 577 736 422 777 631 1005 494 567 1009 832 745 766 1230 458 572 751 319 1026 704 352 1690 1208 974 649 899
919 527 565 508 191 435 239 1060 1072 1068 1076 862 0 1155 984 620 320 364 290 1143 851 595 923 502 435 643 827 505 1124 312 774 753 339 797 1403 933 265 1320 364 876 468 369 276 1423 275 717 1137 922 239 829 515 457 818 1178 695 462 1338 135
350 714 935 879 1006 1391 971 275 355 745 202 496 1155 0 660 707 924 1320 1008 681 506 965 570 774 877 1013 1745 760 662 979 577 437 912 519 425 364 1184 485 1320 481 945 1325 994 447 929 1637 309 514 1158 409 1433 807 409 2097 1615 1381 503 1142
571 716 937 880 938 1106 930 610 463 274 572 218 984 660 0 929 926 1135 1010 618 633 967 507 835 738 1015 1460 820 599 980 256 439 904 741 900 586 899 795 1127 658 689 1131 996 908 888 1351 621 736 872 483 1148 868 516 1812 1329 1095 812 1021
391 375 596 540 534 813 499 570 844 1013 771 765 620 707 929 0 414 741 498 1133 338 626 1022 220 538 674 1273 186 1114 468 845 534 402 221 995 382 712 1054 742 313 606 746 484 1016 457 1095 878 346 685 486 961 253 459 1556 1073 908 1072 563
687 258 385 329 220 513 185 829 841 1010 845 762 320 924 926 414 0 441 130 1093 619 415 872 233 255 463 960 254 1074 100 724 522 88 592 1172 701 398 1103 442 644 324 446 116 1192 143 795 906 717 372 598 647 302 586 1256 773 595 1121 263
1059 654 781 724 456 113 504 1203 1236 1219 1240 1014 364 1320 1135 741 441 0 411 1294 991 811 1074 628 651 859 611 626 1276 434 925 918 484 919 1568 1073 417 1471 61 1010 619 66 397 1587 539 395 1302 1044 310 994 271 578 958 856 373 440 1489 307
771 342 469 413 304 483 269 913 925 1094 929 846 290 1008 1010 498 130 411 0 1177 703 499 956 317 339 547 981 338 1158 122 808 606 172 676 1256 785 457 1187 411 728 408 416 52 1276 227 765 990 801 431 682 641 386 670 1226 743 654 1205 233
639 784 1005 948 1075 1376 1041 565 265 773 337 525 1225 493 689 997 994 1389 1078 0 701 1035 354 903 947 1083 1730 888 446 1048 605 507 982 809 502 654 1168 198 1390 726 959 1395 1064 498 999 1621 221 804 1142 551 1417 936 584 2082 1599 1365 215 1211
189 410 631 574 701 1063 667 368 548 717 552 469 851 506 633 338 619 991 703 837 0 661 726 425 573 709 1441 411 818 674 549 262 607 149 793 180 880 810 992 111 641 996 689 815 625 1332 613 144 853 189 1129 458 145 1793 1310 1076 828 813
729 343 50 141 446 831 411 870 882 1051 886 803 595 965 967 626 415 811 499 1154 661 0 934 495 317 74 1185 509 1136 470 785 563 385 646 1213 743 624 1144 811 686 385 816 485 1233 369 1076 947 784 597 639 873 556 628 1537 1054 820 1162 632
665 809 904 847 877 1045 868 633 252 579 405 343 923 570 495 1022 872 1074 956 243 726 934 0 928 676 982 1398 914 224 927 285 532 842 834 579 679 837 420 1065 752 628 1069 943 576 826 1290 289 829 811 576 1086 961 609 1751 1268 1034 438 960
493 200 464 408 352 700 318 636 749 919 753 671 502 774 835 220 233 628 317 1038 425 495 928 0 388 542 1092 60 1020 287 751 431 220 398 1061 507 530 1012 629 450 456 633 303 1083 275 982 815 522 504 436 780 107 392 1443 960 727 1030 450
641 254 287 230 286 639 251 781 793 822 797 616 435 877 738 538 255 651 339 897 573 317 676 388 0 365 993 409 878 310 528 475 225 558 1125 655 431 1056 652 598 128 656 326 1145 209 884 859 696 405 551 681 457 540 1345 862 628 1073 472
777 391 98 189 494 879 459 918 930 1099 934 851 643 1013 1015 674 463 859 547 1202 709 74 982 542 365 0 1233 557 1184 518 833 611 433 694 1261 791 672 1192 859 734 433 864 533 1281 417 1124 995 832 645 687 921 604 676 1585 1102 868 1210 680
1509 1118 1155 1099 781 582 829 1650 1583 1544 1666 1338 827 1745 1460 1273 960 611 981 1619 1441 1185 1398 1092 993 1233 0 1113 1600 1003 1250 1343 930 1426 1955 1523 609 1796 602 1466 944 606 967 1951 865 240 1664 1564 715 1420 456 1148 1408 646 276 382 1814 864
479 222 478 422 374 698 339 622 735 905 739 657 505 760 820 186 254 626 338 1024 411 509 914 60 409 557 1113 0 1006 309 737 417 242 364 1047 493 552 997 627 436 478 632 324 1069 297 980 801 489 526 422 801 93 378 1441 958 749 1015 448
683 827 1048 992 1119 1420 1084 609 309 817 381 569 1268 537 732 1041 1037 1433 1121 508 745 1079 397 946 990 1126 1773 932 0 1092 649 550 1025 852 546 697 1212 241 1434 770 1002 1438 1108 542 1042 1665 265 847 1186 594 1461 979 627 2125 1643 1409 259 1255
742 313 440 383 275 505 240 883 895 1064 899 816 312 979 980 468 100 434 122 1147 674 470 927 287 310 518 1003 309 1129 0 778 577 143 646 1227 756 453 1157 434 699 378 439 108 1246 198 787 961 771 426 653 663 356 641 1248 765 649 1175 256
488 632 755 699 728 896 720 526 379 340 489 135 774 577 256 845 724 925 808 534 549 785 322 751 528 833 1250 737 515 778 0 355 694 657 816 502 688 711 916 575 479 921 794 825 677 1141 538 652 662 399 938 784 432 1602 1119 885 729 811
201 312 533 477 604 989 569 342 354 523 358 275 753 437 439 534 522 918 606 643 262 563 532 431 475 611 1343 417 624 577 355 0 510 370 685 215 782 616 918 287 543 923 592 705 527 1235 419 365 756 111 1031 464 144 1695 1213 979 634 740
675 246 355 299 190 556 155 816 828 988 833 750 339 912 904 402 88 484 172 1063 607 385 842 220 225 433 930 242 1044 143 694 510 0 580 1160 689 368 1091 484 632 294 489 158 1180 113 821 894 705 342 586 617 290 574 1282 799 565 1109 306
202 395 616 559 686 990 652 381 656 825 583 577 797 519 741 221 592 919 676 945 149 646 834 398 558 694 1426 364 926 646 657 370 580 0 806 193 864 866 919 124 626 924 662 828 610 1273 690 158 838 297 1114 431 260 1733 1251 1061 884 741
710 1033 1254 1197 1324 1649 1290 634 516 1044 429 796 1474 498 959 1067 1243 1638 1327 737 866 1284 626 1134 1196 1332 2002 1120 718 1297 876 756 1231 879 0 724 1441 202 1639 840 1231 1644 1313 164 1248 1894 365 874 1415 769 1690 1167 769 2354 1872 1638 220 1460
70 492 713 657 784 1145 749 226 501 670 428 422 933 364 586 382 701 1073 785 790 180 743 679 507 655 791 1523 493 771 756 502 215 689 193 651 0 962 711 1074 155 723 1079 772 673 707 1414 535 188 936 142 1211 540 143 1875 1392 1159 729 896
947 556 593 537 219 387 267 1088 1021 983 1104 777 265 1184 899 712 398 417 457 1057 880 624 837 530 431 672 609 552 1039 453 688 782 368 864 1393 962 0 1235 408 905 383 412 443 1390 304 503 1103 1003 154 858 297 599 847 968 481 245 1252 302
573 896 1117 1061 1188 1512 1153 498 379 907 292 659 1337 361 823 930 1106 1502 1190 600 729 1147 490 997 1059 1195 1866 983 582 1160 739 619 1094 742 370 587 1304 0 1502 704 1095 1507 1176 366 1111 1757 228 737 1278 632 1553 1030 633 2218 1735 1501 83 1324
1060 655 781 725 447 104 495 1203 1237 1211 1241 1005 364 1320 1127 742 442 61 411 1285 992 811 1065 629 652 859 602 627 1267 434 916 918 484 919 1568 1074 408 1463 0 1011 611 67 398 1588 532 386 1302 1044 301 995 262 578 959 847 364 432 1480 307
164 435 656 600 727 1082 692 343 573 742 544 494 876 481 658 313 644 1010 728 862 111 686 752 450 598 734 1466 436 844 699 575 287 632 124 768 155 905 827 1011 0 666 1015 715 790 650 1357 639 119 879 214 1154 483 170 1818 1335 1102 845 832
709 323 355 299 354 590 319 850 812 773 866 567 468 945 689 606 324 619 408 848 641 385 628 456 128 433 944 478 829 378 479 543 294 626 1184 723 383 1025 611 666 0 615 394 1181 277 835 893 764 357 620 632 525 608 1296 813 579 1043 505
1064 659 786 730 452 108 500 1208 1241 1215 1246 1009 369 1325 1131 746 446 66 416 1290 996 816 1069 633 656 864 606 632 1271 439 921 923 489 924 1573 1079 412 1467 67 1015 615 0 402 1593 536 391 1307 1049 306 999 267 583 964 851 368 436 1485 312
757 329 455 399 290 469 256 899 911 1080 915 832 276 994 996 484 116 397 52 1163 689 485 943 303 326 533 967 324 1144 108 794 592 158 662 1242 772 443 1173 398 715 394 402 0 1262 213 751 976 787 417 669 627 372 657 1212 729 640 1191 219
563 886 1107 1050 1177 1501 1143 487 368 897 282 649 1327 351 812 920 1096 1491 1180 590 718 1137 479 987 1049 1185 1855 973 571 1150 729 609 1084 732 360 577 1294 55 1492 693 1084 1497 1166 0 1101 1747 218 727 1268 622 1543 1020 622 2207 1724 1491 73 1313
693 301 339 282 126 511 91 833 845 972 849 766 275 929 888 457 143 539 227 1046 625 369 826 275 209 417 865 297 1028 198 677 527 113 610 1177 707 304 1108 532 650 277 536 213 1197 0 756 911 748 278 603 553 344 592 1217 734 501 1125 312
1400 1008 1046 990 672 366 720 1541 1474 1435 1557 1230 717 1637 1351 1095 795 395 765 1510 1332 1076 1290 982 884 1124 240 980 1492 787 1141 1235 821 1273 1846 1414 503 1687 386 1357 835 391 751 1843 756 0 1556 1397 526 1311 241 932 1299 627 140 368 1705 661
520 696 917 861 988 1311 953 445 178 706 172 458 1137 309 621 878 906 1302 990 399 613 947 289 815 859 995 1664 801 380 961 538 419 894 690 317 535 1103 330 1302 639 893 1307 976 314 911 1556 0 685 1077 463 1352 848 496 2016 1534 1300 348 1124
197 533 754 698 825 1115 790 376 651 820 578 572 922 514 736 346 717 1044 801 940 144 784 829 522 696 832 1564 489 921 771 652 365 705 158 801 188 1003 861 1044 119 764 1049 787 823 748 1397 685 0 977 292 1252 555 268 1858 1375 1200 879 866
921 530 567 511 193 281 241 1062 995 957 1078 751 239 1158 872 685 372 310 431 1031 853 597 811 504 405 645 715 526 1013 426 662 756 342 838 1367 936 154 1208 301 879 357 306 417 1364 278 526 1077 977 0 832 402 573 821 987 504 350 1226 276
128 388 609 553 680 1066 645 271 398 567 402 319 829 409 483 486 598 994 682 687 189 639 576 436 551 687 1420 422 668 653 399 111 586 297 696 142 858 660 995 214 620 999 669 718 603 1311 463 292 832 0 1107 469 71 1772 1289 1055 678 816
1197 805 843 786 469 242 517 1337 1271 1232 1354 1026 515 1433 1148 961 647 271 641 1307 1129 873 1086 780 681 921 456 801 1288 663 938 1031 617 1114 1643 1211 297 1484 262 1154 632 267 627 1639 553 241 1352 1252 402 1107 0 808 1096 706 218 204 1502 537
526 269 526 469 421 649 387 669 782 952 786 704 457 807 868 253 302 578 386 1071 458 556 961 107 457 604 1148 93 1053 356 784 464 290 431 1094 540 599 1045 578 483 525 583 372 1116 344 932 848 555 573 469 808 0 425 1393 910 796 1063 400
128 377 598 542 669 1030 634 272 431 600 435 352 818 409 516 459 586 958 670 720 145 628 609 392 540 676 1408 378 701 641 432 144 574 260 697 143 847 693 959 170 608 964 657 718 592 1299 496 268 821 71 1096 425 0 1760 1277 1044 711 780
1828 1436 1474 1418 1100 794 1148 1969 1902 1863 1985 1658 1145 2065 1779 1523 1223 823 1193 1938 1760 1504 1718 1410 1312 1552 646 1408 1920 1215 1569 1663 1249 1701 2274 1843 968 2115 814 1785 1263 819 1179 2271 1184 627 1984 1826 954 1739 706 1360 1727 0 526 875 2133 1089
1378 986 1024 968 650 344 698 1519 1452 1413 1535 1208 695 1615 1329 1073 773 373 743 1488 1310 1054 1268 960 862 1102 276 958 1470 765 1119 1213 799 1251 1824 1392 481 1665 364 1335 813 368 729 1821 734 140 1534 1375 504 1289 218 910 1277 526 0 388 1683 639
1144 753 790 734 416 411 464 1285 1218 1180 1301 974 462 1381 1095 908 595 440 654 1254 1076 820 1034 727 628 868 382 749 1236 649 885 979 565 1061 1590 1159 245 1431 432 1102 579 436 640 1587 501 368 1300 1200 350 1055 204 796 1044 875 388 0 1449 499
524 847 1068 1012 1139 1463 1104 449 330 858 243 610 1288 312 774 882 1057 1453 1141 551 680 1098 441 948 1010 1146 1817 934 533 1112 690 570 1045 693 321 538 1255 356 1453 655 1046 1458 1127 318 1062 1708 179 688 1229 583 1504 981 584 2169 1686 1452 0 1275
881 476 602 545 228 378 276 1025 1058 1105 1062 899 135 1142 1021 563 263 307 233 1180 813 632 960 450 472 680 864 448 1161 256 811 740 306 741 1390 896 302 1321 307 832 505 312 219 1410 312 661 1124 866 276 816 537 400 780 1122 639 499 1338 0
EOF