NAME : tsp_problem
TYPE : TSP
DIMENSION : 60
EDGE_WEIGHT_TYPE : EXPLICIT
EDGE_WEIGHT_FORMAT : FULL_MATRIX
EDGE_WEIGHT_SECTION
0 250 520 1620 977 1133 262 1717 375 826 1073 364 660 552 2012 985 799 491 677 1522 1177 1706 1124 1459 1582 781 778 745 800 1524 1334 1669 855 1573 906 1129 501 1195 417 1897 818 1581 1216 815 1250 1492 1676 1123 1086 472 1752 1634 513 526 1299 1070 857 478 1503 419
324 0 346 1447 751 907 89 1544 149 598 845 191 445 326 1839 770 571 263 504 1296 952 1532 899 1233 1357 567 552 531 572 1351 1108 1496 627 1400 691 902 273 967 230 1724 604 1356 988 601 1077 1266 1502 895 858 246 1578 1460 340 352 1073 842 629 250 1277 193
313 346 0 1190 710 866 358 1287 289 622 823 460 164 342 1582 489 711 287 247 1244 910 1276 857 1181 1305 285 511 249 596 1094 1067 1239 651 1143 410 880 551 929 508 1467 323 1166 966 320 820 1215 1245 1035 836 189 1321 1203 83 622 1032 982 653 528 1226 244
1374 1447 1190 0 783 783 1459 380 1326 971 774 1561 1134 1157 433 1234 1238 1229 1308 398 551 122 774 376 459 970 940 977 1006 152 496 85 952 159 1155 766 1373 722 1545 313 930 259 696 932 712 341 199 1110 828 1253 168 261 1183 1723 587 1057 1030 1350 330 1281
797 751 710 783 0 267 816 833 621 267 181 918 642 452 1174 816 533 524 935 585 279 868 258 522 646 612 235 576 302 687 397 831 247 735 737 279 668 260 841 1059 649 645 346 647 511 555 839 506 235 595 913 797 716 1056 400 453 325 645 566 576
953 907 866 783 267 0 972 880 777 423 408 1074 798 608 1175 972 690 680 1074 674 278 869 33 611 735 736 391 732 458 687 486 832 403 736 893 498 824 486 997 1060 696 734 573 698 478 644 839 662 454 751 914 796 872 1212 400 609 481 801 655 733
336 89 358 1459 816 972 0 1556 213 664 912 134 499 390 1851 823 638 330 516 1360 1016 1545 963 1297 1421 620 617 584 638 1363 1172 1508 693 1412 745 968 340 1033 187 1736 657 1420 1054 654 1089 1331 1515 962 924 311 1590 1472 352 296 1138 909 696 317 1342 258
1471 1544 1287 380 833 880 1556 0 1414 1035 824 1658 1231 1245 684 1331 1231 1317 1405 336 648 378 871 348 282 1067 1028 1074 1070 497 460 341 1016 245 1252 730 1439 685 1634 569 1027 231 660 1029 809 313 544 1092 854 1350 423 587 1280 1820 684 1039 1094 1416 302 1369
318 149 289 1326 621 777 213 1414 0 533 734 315 315 195 1718 640 561 140 498 1165 821 1411 768 1102 1226 436 422 400 507 1230 978 1375 562 1279 561 791 281 840 238 1603 473 1225 877 470 977 1136 1381 885 747 116 1457 1339 295 454 943 832 564 258 1147 70
709 598 622 971 267 423 664 1035 533 0 276 766 554 364 1364 728 296 436 847 787 467 1057 414 724 848 524 250 488 64 875 599 1020 85 924 649 333 433 398 687 1248 561 847 419 559 667 757 1027 460 289 507 1103 985 628 903 589 407 87 410 768 489
911 845 823 774 181 408 912 824 734 276 0 1014 756 566 1165 929 517 637 1048 576 269 859 399 513 636 726 348 690 311 678 388 822 257 726 851 139 680 205 934 1050 763 635 226 760 633 546 829 378 95 709 904 787 830 1150 391 325 335 657 557 690
502 254 524 1624 981 1137 266 1721 378 829 1077 0 664 555 2016 989 803 495 681 1525 1181 1710 1128 1462 1586 785 782 749 804 1528 1338 1673 858 1577 910 1133 505 1198 421 1901 822 1585 1220 819 1254 1496 1680 1127 1089 476 1755 1637 517 530 1303 1074 861 482 1507 423
455 445 164 1059 642 798 499 1156 315 554 756 601 0 281 1451 421 643 226 389 1113 798 1144 790 1050 1174 218 443 182 529 963 943 1108 583 1012 343 812 495 862 534 1336 255 1035 899 252 689 1084 1114 967 768 216 1190 1072 171 750 920 914 586 471 1095 270
372 326 342 1157 452 608 390 1245 195 364 566 492 281 0 1549 525 454 98 551 997 653 1243 600 934 1058 321 253 285 339 1061 809 1206 393 1110 446 622 256 672 415 1434 358 1057 709 355 853 967 1213 778 578 169 1289 1171 349 631 774 725 396 233 978 151
1734 1806 1549 433 1141 1142 1818 651 1685 1331 1132 1920 1493 1517 0 1593 1540 1588 1667 670 910 431 1133 647 731 1329 1299 1337 1366 550 768 394 1312 468 1515 1038 1732 993 1905 222 1289 531 968 1291 1071 613 597 1400 1162 1613 304 633 1543 2082 946 1347 1389 1709 602 1641
780 770 489 1234 816 972 823 1331 640 728 929 925 421 525 1626 0 817 551 714 1288 973 1320 963 1225 1349 318 617 282 702 1138 1118 1283 757 1187 180 986 740 1035 859 1511 355 1210 1072 352 864 1259 1289 1141 942 540 1365 1247 495 1075 1095 1088 759 717 1270 595
799 571 711 1238 533 690 638 1231 561 296 517 740 643 454 1572 817 0 525 936 983 734 1266 681 920 1044 614 443 578 270 1142 795 1229 325 1133 738 574 407 614 661 1457 651 1043 615 648 934 953 1294 458 449 596 1311 1252 718 877 855 405 232 384 964 578
317 263 287 1229 524 680 330 1317 140 436 637 432 226 98 1621 551 525 0 496 1068 724 1314 671 1005 1129 347 325 311 410 1133 880 1278 465 1182 472 694 302 743 352 1505 384 1128 780 381 888 1039 1284 849 650 114 1360 1242 294 568 846 796 467 279 1050 96
99 317 319 1420 800 956 329 1517 321 712 913 431 461 374 1812 786 801 319 0 1344 1000 1505 947 1281 1405 583 601 546 686 1324 1157 1468 741 1373 707 970 568 1019 484 1696 619 1396 1056 617 1050 1315 1475 1125 926 295 1551 1433 313 593 1122 1072 743 545 1326 276
1413 1442 1229 322 731 820 1498 294 1311 933 721 1600 1173 1143 626 1273 1129 1214 1347 0 590 320 811 290 319 1009 925 1016 968 439 357 283 914 187 1194 627 1337 583 1531 511 969 173 557 971 751 256 486 989 752 1285 365 529 1223 1747 626 936 991 1314 244 1267
998 952 910 551 279 278 1016 648 821 467 269 1118 842 653 943 973 734 724 1047 482 0 636 269 419 543 709 435 716 502 455 294 600 448 504 894 367 868 347 1041 827 669 527 434 671 451 453 606 605 323 795 682 564 917 1257 168 552 525 845 464 777
1460 1532 1276 122 868 869 1545 378 1411 1057 859 1647 1220 1243 431 1320 1266 1314 1393 396 636 0 860 374 457 1055 1025 1063 1092 240 494 83 1038 157 1241 764 1459 720 1631 311 1015 257 695 1017 797 339 286 1126 889 1339 166 235 1269 1808 672 1073 1115 1435 328 1367
945 899 857 774 258 33 963 871 768 414 399 1065 790 600 1166 963 681 671 1066 665 269 860 0 602 726 727 382 724 449 678 477 823 395 727 884 489 815 477 988 1051 687 725 564 689 469 635 830 653 445 742 905 787 864 1204 391 600 472 792 646 724
1279 1233 1181 376 522 611 1297 348 1102 724 513 1399 1124 934 680 1225 920 1005 1299 180 419 374 602 0 241 961 716 969 759 493 148 337 705 241 1147 418 1128 374 1322 565 921 150 349 923 703 150 540 780 543 1077 419 583 1175 1538 464 727 782 1105 146 1058
1403 1357 1305 445 646 735 1421 282 1226 848 636 1523 1248 1058 750 1349 1044 1129 1423 149 543 443 726 241 0 1085 840 1093 883 563 272 407 828 311 1270 542 1252 498 1446 635 1045 297 472 1047 827 274 610 904 667 1200 489 653 1299 1662 588 851 906 1229 285 1182
577 567 285 970 612 736 620 1067 436 524 726 722 218 321 1362 318 614 347 510 1024 709 1055 727 961 1085 0 413 78 499 874 853 1018 553 923 239 782 537 832 656 1246 151 946 869 148 600 994 1025 938 738 337 1101 983 292 872 831 885 556 514 1005 392
598 552 511 940 235 391 617 1028 422 250 348 719 443 253 1332 617 443 325 736 779 435 1025 382 716 840 413 0 377 285 844 591 988 231 892 538 405 469 454 641 1216 450 839 491 447 635 750 995 569 361 396 1071 953 517 857 557 516 309 446 761 377
541 531 249 977 576 732 584 1074 400 488 690 686 182 285 1369 282 578 311 474 1032 716 1063 724 969 1093 78 377 0 463 881 861 1026 517 930 203 746 501 796 620 1254 115 953 833 112 607 1002 1033 902 702 301 1108 991 256 836 838 848 520 478 1013 356
684 572 596 1006 302 458 638 1070 507 64 311 741 529 339 1399 702 270 410 821 822 502 1092 449 759 883 499 285 463 0 910 634 1055 93 959 623 368 407 433 661 1283 536 882 454 533 702 792 1062 495 324 481 1138 1020 603 877 624 442 95 384 803 463
1278 1351 1094 152 687 687 1363 497 1230 875 678 1465 1038 1061 550 1138 1142 1133 1212 516 455 240 678 493 577 874 844 881 910 0 457 203 856 277 1059 727 1277 683 1449 431 834 377 658 836 616 459 207 1014 732 1157 285 128 1087 1627 491 961 934 1254 448 1185
1154 1108 1067 496 397 486 1172 460 978 599 388 1274 999 809 801 1118 795 880 1192 211 294 494 477 148 272 853 591 861 634 457 0 457 580 361 1039 293 1003 249 1197 685 814 271 224 815 596 182 609 655 418 952 540 566 1067 1413 356 602 657 980 193 933
1423 1496 1239 85 831 832 1508 341 1375 1020 822 1610 1183 1206 394 1283 1229 1278 1357 359 600 83 823 337 420 1018 988 1026 1055 203 457 0 1001 120 1204 727 1422 683 1594 274 979 220 658 981 761 302 250 1089 852 1302 129 270 1232 1772 636 1036 1079 1399 291 1330
738 627 651 952 247 403 693 1016 562 85 257 795 583 393 1344 757 325 465 876 768 448 1038 395 705 828 553 231 517 93 856 580 1001 0 905 678 314 462 379 716 1229 591 827 400 588 648 738 1008 441 270 536 1084 966 657 932 569 388 116 439 749 518
1327 1400 1143 159 735 736 1412 245 1279 924 726 1514 1087 1110 468 1187 1133 1182 1261 264 504 157 727 241 324 923 892 930 959 277 361 120 905 0 1108 631 1326 587 1498 348 883 124 562 885 665 207 324 994 756 1206 203 367 1136 1676 540 940 983 1303 195 1234
702 691 410 1155 737 893 745 1252 561 649 851 847 343 446 1547 180 738 472 635 1210 894 1241 884 1147 1270 239 538 203 623 1059 1039 1204 678 1108 0 907 662 957 781 1432 276 1131 994 273 785 1180 1211 1062 863 462 1286 1169 417 996 1016 1009 681 638 1191 517
967 902 880 766 279 498 968 730 791 333 139 1070 812 622 1071 986 574 694 1105 481 367 764 489 418 542 782 405 746 368 727 293 727 314 631 907 0 737 92 991 955 819 541 114 817 731 452 879 434 152 765 810 836 886 1207 489 381 391 714 463 747
575 273 551 1373 668 824 340 1439 281 433 680 442 495 256 1765 740 407 302 755 1191 868 1459 815 1128 1252 537 469 501 407 1277 1003 1422 462 1326 662 737 0 802 362 1650 574 1251 823 571 1068 1161 1428 731 693 379 1504 1386 558 578 990 678 465 85 1172 326
1017 967 929 722 260 486 1033 685 840 398 205 1135 862 672 1026 1035 614 743 1154 437 347 720 477 374 498 832 454 796 433 683 249 683 379 587 957 92 802 0 1056 911 869 496 130 866 712 407 834 474 217 814 765 792 936 1272 469 421 456 779 418 796
491 230 508 1545 841 997 187 1634 238 687 934 229 534 415 1938 859 661 352 670 1385 1041 1631 988 1322 1446 656 641 620 661 1449 1197 1594 716 1498 781 991 362 1056 0 1822 693 1445 1077 690 1196 1355 1601 985 947 335 1677 1559 507 245 1163 932 718 339 1366 283
1651 1724 1467 313 1059 1060 1736 569 1603 1248 1050 1838 1411 1434 222 1511 1457 1505 1585 587 827 311 1051 565 648 1246 1216 1254 1283 431 685 274 1229 348 1432 955 1650 911 1822 0 1206 448 886 1208 988 530 478 1317 1080 1530 184 429 1460 1999 864 1264 1307 1627 519 1558
610 604 323 930 649 696 657 1027 473 561 763 759 255 358 1322 355 651 384 544 984 669 1015 687 921 1045 151 450 115 536 834 814 979 591 883 276 819 574 869 693 1206 0 906 906 128 560 955 985 975 776 374 1061 943 329 909 791 922 593 551 966 429
1351 1356 1166 259 645 734 1420 231 1225 847 635 1522 1110 1057 563 1210 1043 1128 1284 250 527 257 725 150 310 946 839 953 882 377 271 220 827 124 1131 541 1251 496 1445 448 906 0 471 908 688 116 423 903 666 1199 303 467 1160 1661 563 850 905 1227 105 1181
1054 988 966 696 346 573 1054 660 877 419 226 1156 899 709 1001 1072 615 780 1191 412 434 695 564 349 472 869 491 833 454 658 224 658 400 562 994 114 823 130 1077 886 906 471 0 903 796 382 809 476 238 851 740 767 973 1293 555 423 478 800 393 833
611 601 320 932 647 698 654 1029 470 559 760 756 252 355 1324 352 648 381 545 986 671 1017 689 923 1047 148 447 112 533 836 815 981 588 885 273 817 571 866 690 1208 128 908 903 0 562 957 987 972 773 371 1063 945 326 906 793 919 590 548 968 426
1004 1077 820 712 511 478 1089 809 983 667 633 1191 764 853 1104 864 934 894 938 766 451 797 469 703 827 600 635 607 702 616 596 761 648 665 785 731 1068 712 1202 988 560 688 796 562 0 737 767 906 687 883 843 725 814 1353 573 853 725 1045 748 938
1312 1266 1215 341 555 644 1331 313 1136 757 546 1433 1157 967 646 1259 953 1039 1333 213 453 339 635 150 274 994 750 1002 792 459 182 302 738 207 1180 452 1161 407 1355 530 955 116 382 957 737 0 506 814 576 1110 385 549 1208 1571 497 761 816 1138 111 1091
1430 1502 1245 199 839 839 1515 544 1381 1027 829 1617 1190 1213 597 1289 1294 1284 1363 563 606 286 830 540 624 1025 995 1033 1062 207 609 250 1008 324 1211 879 1428 834 1601 478 985 423 809 987 767 506 0 1166 883 1309 332 317 1239 1778 642 1113 1085 1405 494 1337
1123 895 1035 1110 506 662 962 1092 885 460 378 1064 967 778 1433 1141 458 849 1260 843 605 1126 653 780 904 938 569 902 495 1014 655 1089 441 994 1062 434 731 474 985 1317 975 903 476 972 906 814 1166 0 310 920 1172 1123 1042 1201 727 85 426 708 825 902
923 858 836 828 235 454 924 854 747 289 95 1026 768 578 1195 942 449 650 1061 606 323 889 445 543 667 738 361 702 324 732 418 852 270 756 863 152 693 217 947 1080 776 666 238 773 687 576 883 310 0 721 934 841 842 1163 445 257 347 670 587 703
292 246 189 1247 595 751 311 1344 116 507 709 413 216 169 1639 540 596 114 411 1140 795 1333 742 1077 1200 337 396 301 481 1151 952 1296 536 1200 462 765 379 814 335 1524 374 1199 851 371 877 1110 1303 920 721 0 1379 1261 196 551 917 867 538 356 1121 71
1506 1578 1321 168 913 914 1590 423 1457 1103 904 1692 1265 1289 304 1365 1311 1360 1439 442 682 166 905 419 503 1101 1071 1108 1138 285 540 129 1084 203 1286 810 1504 765 1677 184 1061 303 740 1063 843 385 332 1172 934 1384 0 375 1315 1854 718 1119 1161 1481 373 1413
1388 1460 1203 261 797 796 1472 587 1339 985 787 1574 1147 1171 633 1247 1252 1242 1321 606 564 235 787 583 667 983 953 991 1020 128 566 270 966 367 1169 836 1386 792 1559 429 943 467 767 945 725 549 317 1123 841 1267 375 0 1197 1736 600 1070 1043 1363 537 1295
307 340 83 1183 716 872 352 1280 295 628 830 454 171 349 1576 495 718 294 240 1238 917 1269 864 1175 1299 292 517 256 603 1087 1067 1232 657 1136 417 886 558 936 507 1460 329 1160 973 326 814 1208 1239 1042 842 196 1315 1197 0 616 1038 989 660 535 1219 251
464 216 486 1586 943 1099 228 1683 341 792 1039 330 626 518 1979 951 765 457 643 1488 1143 1672 1090 1425 1548 747 744 711 766 1490 1300 1635 821 1539 872 1096 467 1161 383 1863 784 1547 1182 781 1217 1458 1642 1090 1052 438 1718 1600 479 0 1265 1036 823 444 1469 385
1119 1073 1032 587 400 400 1138 684 943 589 391 1240 964 774 979 1095 855 846 1169 527 168 672 391 464 588 831 557 838 624 491 356 636 569 540 1016 489 990 469 1163 864 791 563 555 793 573 497 642 727 445 917 718 600 1038 1378 0 674 647 967 508 898
1070 842 982 1057 453 609 909 1039 832 407 325 1011 914 725 1380 1088 405 796 1207 790 552 1073 600 727 851 885 516 848 442 961 602 1036 388 940 1009 381 678 421 932 1264 922 850 423 919 853 761 1113 85 257 867 1119 1070 989 1148 674 0 373 655 772 849
741 629 653 1030 325 481 696 1094 564 87 335 798 586 396 1422 759 232 467 878 845 525 1115 472 782 906 556 309 520 95 934 657 1079 116 983 681 391 465 456 718 1307 593 905 478 590 725 816 1085 426 347 538 1161 1043 660 934 647 373 0 441 827 520
552 250 528 1350 645 801 317 1416 258 410 657 419 471 233 1742 717 384 279 732 1168 845 1435 792 1105 1229 514 446 478 384 1254 980 1399 439 1303 638 714 85 779 339 1627 551 1227 800 548 1045 1138 1405 708 670 356 1481 1363 535 555 967 655 441 0 1149 303
1323 1277 1226 330 566 655 1342 302 1147 768 557 1444 1168 978 634 1270 964 1050 1344 224 464 328 646 146 285 1005 761 1013 803 448 193 291 749 195 1191 463 1172 418 1366 519 966 105 393 968 748 111 494 825 587 1121 373 537 1219 1582 508 772 827 1149 0 1102
274 193 244 1281 576 733 258 1369 70 489 690 360 270 151 1674 595 578 96 453 1121 777 1367 724 1058 1182 392 377 356 463 1185 933 1330 518 1234 517 747 326 796 283 1558 429 1181 833 426 932 1091 1337 902 703 71 1413 1295 251 498 898 849 520 303 1102 0
EOF