NAME : tsp_problem
TYPE : TSP
DIMENSION : 42
EDGE_WEIGHT_TYPE : EXPLICIT
EDGE_WEIGHT_FORMAT : FULL_MATRIX
EDGE_WEIGHT_SECTION
0 644 909 1247 789 345 619 502 1041 1098 1256 713 1097 316 1278 1206 535 250 668 787 426 711 322 1220 1055 998 1500 980 287 460 400 744 266 1193 447 624 1211 303 351 1445 730 1116
644 0 1326 1602 1231 700 1074 622 1439 1363 1521 1079 1536 363 1543 1471 622 664 1147 1266 992 1077 736 1485 1453 1440 1789 1421 853 1026 967 1268 680 1458 1013 1103 1476 717 706 1801 1254 1533
909 1326 0 393 294 755 331 1099 186 254 536 471 264 1110 558 711 854 1080 464 416 627 469 1152 500 201 169 646 150 665 518 601 585 1096 400 506 420 716 1134 761 591 561 262
1247 1602 393 0 631 1030 670 1374 367 419 651 810 445 1386 673 399 1130 1356 803 755 966 808 1428 615 381 452 292 434 1004 857 940 916 1372 431 844 759 404 1410 1036 239 891 182
789 1231 294 631 0 660 236 1004 424 491 774 376 355 1015 796 949 759 961 266 181 531 374 1033 738 439 257 884 238 545 419 505 350 977 638 406 222 954 1014 666 766 326 500
345 700 755 1030 660 0 503 473 867 792 950 508 964 394 972 899 229 364 576 695 454 506 437 914 882 869 1218 850 315 488 428 696 381 887 475 532 905 418 45 1230 683 962
619 1074 331 670 236 503 0 847 463 530 813 273 541 857 835 980 603 791 244 279 337 271 863 777 477 445 922 426 375 229 311 364 807 676 216 200 985 844 509 868 351 538
502 622 1099 1374 1004 473 847 0 1211 1136 1294 852 1308 304 1316 1243 395 521 920 1039 798 850 593 1258 1226 1213 1562 1194 659 832 772 1040 537 1231 819 876 1249 575 479 1574 1027 1306
1041 1439 186 367 424 867 463 1211 0 128 411 603 238 1223 433 585 967 1193 596 548 759 601 1265 375 75 246 620 227 797 650 733 709 1209 274 638 552 590 1247 873 565 684 236
1098 1363 254 419 491 792 530 1136 128 0 335 670 305 1147 357 509 892 1117 663 615 826 668 1190 299 142 313 648 294 864 717 800 776 1134 199 705 619 515 1171 798 618 752 303
1256 1521 536 651 774 950 813 1294 411 335 0 953 588 1305 71 696 1050 1275 946 898 1109 951 1348 307 425 595 880 577 1136 1000 1083 1059 1292 430 987 902 701 1329 956 850 1034 540
713 1079 471 810 376 508 273 852 603 670 953 0 681 863 975 931 608 833 467 419 431 184 906 917 617 585 1062 566 469 460 405 588 850 816 447 424 936 887 514 1008 564 678
1097 1536 264 445 355 964 541 1308 238 305 588 681 0 1320 610 762 1064 1268 556 488 837 679 1341 552 252 176 645 158 853 727 811 524 1285 451 714 529 768 1322 970 464 500 313
316 363 1110 1386 1015 394 857 304 1223 1147 1305 863 1320 0 1327 1255 409 336 907 1026 665 862 408 1269 1237 1224 1573 1205 526 698 639 982 352 1242 686 863 1260 389 400 1585 969 1317
1278 1543 558 673 796 972 835 1316 433 357 71 975 610 1327 0 718 1072 1298 968 920 1131 973 1370 329 447 618 902 599 1158 1022 1105 1081 1314 453 1010 924 723 1351 978 872 1056 562
1194 1459 659 347 897 888 935 1232 533 458 648 919 710 1243 670 0 988 1214 1069 1021 1055 918 1286 612 547 718 535 699 1074 1123 1029 1181 1230 470 1110 1025 64 1267 894 546 1157 489
535 622 854 1130 759 229 603 395 967 892 1050 608 1064 409 1072 999 0 555 676 795 554 606 627 1013 981 969 1318 950 415 588 528 796 571 987 575 632 1005 608 235 1330 783 1062
250 664 1080 1356 961 364 791 521 1193 1117 1275 833 1268 336 1298 1225 555 0 840 959 598 832 98 1239 1207 1170 1544 1151 459 632 572 915 42 1213 619 796 1230 193 370 1556 902 1288
668 1147 464 803 266 576 244 920 596 663 946 467 556 907 968 1121 676 840 0 137 410 466 912 910 611 475 1056 456 424 298 385 138 856 810 285 101 1126 894 582 966 125 672
787 1266 416 755 181 695 279 1039 548 615 898 419 488 1026 920 1073 795 959 137 0 529 418 1031 862 563 390 1008 371 543 417 503 221 975 762 404 220 1078 1012 701 899 196 624
426 992 627 966 531 454 337 798 759 826 1109 431 837 665 1131 1067 554 598 410 529 0 430 670 1073 773 740 1218 722 182 338 51 531 614 972 325 366 1072 651 460 1164 517 834
711 1077 469 808 374 506 271 850 601 668 951 184 679 862 973 929 606 832 466 418 430 0 904 915 616 583 1061 565 467 459 404 586 848 815 446 422 935 885 512 1006 563 677
322 736 1152 1428 1033 437 863 593 1265 1190 1348 906 1341 408 1370 1297 627 98 912 1031 670 904 0 1312 1280 1242 1616 1224 531 704 644 988 114 1285 691 868 1303 265 443 1628 974 1360
1220 1485 500 615 738 914 777 1258 375 299 307 917 552 1269 329 660 1013 1239 910 862 1073 915 1312 0 389 559 844 541 1100 964 1047 1023 1256 394 951 866 665 1293 920 814 998 504
1055 1453 201 381 439 882 477 1226 75 142 425 617 252 1237 447 599 981 1207 611 563 773 616 1280 389 0 260 634 241 811 664 747 723 1224 288 652 567 605 1261 888 579 699 250
998 1440 169 452 257 869 445 1213 246 313 595 585 176 1224 618 770 969 1170 475 390 740 583 1242 559 260 0 705 60 755 628 715 542 1186 459 616 431 775 1224 875 587 518 321
1503 1859 649 296 824 1288 925 1632 623 676 908 1065 522 1643 930 656 1387 1613 1024 956 1221 1064 1686 872 637 645 0 626 1259 1113 1196 993 1630 689 1100 997 661 1667 1294 241 968 437
980 1421 150 434 238 850 426 1194 227 294 577 566 158 1205 599 751 950 1151 456 371 722 565 1224 541 241 60 686 0 736 610 696 524 1168 440 597 412 757 1205 856 568 499 302
287 853 665 1004 545 315 375 659 797 864 1136 469 853 526 1158 1085 415 459 424 543 182 467 531 1100 811 755 1256 736 0 216 157 500 475 1010 203 380 1091 512 321 1201 487 872
460 1026 518 857 419 488 229 832 650 717 1000 460 727 698 1022 1148 588 632 298 417 338 459 704 964 664 628 1110 610 216 0 312 394 648 864 52 254 1154 685 494 1055 380 726
400 967 601 940 505 428 311 772 733 800 1083 405 811 639 1105 1041 528 572 385 503 51 404 644 1047 747 715 1193 696 157 312 0 505 588 947 299 341 1046 626 434 1138 492 809
744 1268 585 916 350 696 364 1040 709 776 1059 588 524 982 1081 1233 796 915 138 221 531 586 988 1023 723 542 1116 524 500 394 505 0 932 922 381 221 1239 969 702 935 94 784
266 680 1096 1372 977 381 807 537 1209 1134 1292 850 1285 352 1314 1241 571 42 856 975 614 848 114 1256 1224 1186 1560 1168 475 648 588 932 0 1229 635 812 1247 209 387 1572 918 1304
1193 1458 400 431 638 887 676 1231 274 199 430 816 451 1242 453 522 987 1213 810 762 972 815 1285 394 288 459 661 440 1010 864 947 922 1229 0 851 766 527 1266 893 631 898 321
447 1013 506 844 406 475 216 819 638 705 987 447 714 686 1010 1136 575 619 285 404 325 446 691 951 652 616 1097 597 203 52 299 381 635 851 0 242 1141 672 481 1042 368 713
624 1103 420 759 222 532 200 876 552 619 902 424 529 863 924 1077 632 796 101 220 366 422 868 866 567 431 1012 412 380 254 341 221 812 766 242 0 1082 850 538 940 208 628
1199 1464 664 352 902 893 941 1237 538 463 653 925 716 1248 675 64 993 1219 1074 1026 1060 923 1291 617 553 723 540 705 1079 1128 1035 1187 1235 475 1115 1030 0 1272 899 552 1162 495
303 717 1134 1410 1014 418 844 575 1247 1171 1329 887 1322 389 1351 1279 608 193 894 1012 651 885 265 1293 1261 1224 1597 1205 512 685 626 969 209 1266 672 850 1284 0 424 1609 956 1341
351 706 761 1036 666 45 509 479 873 798 956 514 970 400 978 905 235 370 582 701 460 512 443 920 888 875 1224 856 321 494 434 702 387 893 481 538 911 424 0 1236 689 968
1445 1801 591 239 766 1230 868 1574 565 618 850 1008 464 1585 872 598 1330 1556 966 899 1164 1006 1628 814 579 587 236 568 1201 1055 1138 935 1572 631 1042 940 604 1609 1236 0 910 380
730 1254 561 891 326 683 351 1027 684 752 1034 564 500 969 1056 1209 783 902 125 196 517 563 974 998 699 518 1092 499 487 380 492 94 918 898 368 208 1214 956 689 910 0 760
1116 1533 262 182 500 962 538 1306 236 303 540 678 313 1317 562 541 1062 1288 672 624 834 677 1360 504 250 321 434 302 872 726 809 784 1304 321 713 628 547 1341 968 380 760 0
EOF
