NAME : tsp_problem
TYPE : TSP
DIMENSION : 86
EDGE_WEIGHT_TYPE : EXPLICIT
EDGE_WEIGHT_FORMAT : FULL_MATRIX
EDGE_WEIGHT_SECTION
0 130 949 1225 1321 759 677 909 897 1718 1024 1620 1432 167 1432 550 1217 726 931 410 1209 405 554 1377 1237 1606 697 988 902 1324 846 900 1732 922 1620 1136 1388 1499 1385 967 1533 1289 386 1486 1385 377 958 1328 601 1138 994 687 952 1211 88 557 1200 545 506 1663 515 1437 194 1208 535 1562 253 1091 384 953 609 1399 524 1659 1320 1095 1744 385 1464 298 492 430 94 1656 628 1712
684 0 1090 1407 1480 939 772 1050 1001 1900 1182 1802 1614 546 1591 708 1375 821 1113 568 1367 565 734 1559 1395 1788 783 1147 1042 1506 825 963 1914 901 1802 1318 1561 1681 1567 1125 1692 1448 300 1668 1567 559 1117 1486 696 1320 1176 867 1093 1370 468 471 1358 679 686 1845 429 1619 354 1367 693 1745 466 1071 567 1135 789 1557 706 1841 1478 1254 1926 567 1646 480 650 612 474 1838 808 1894
1119 987 0 636 504 947 357 123 245 1022 533 925 699 1024 615 434 442 363 800 566 462 706 691 789 459 911 463 497 116 736 477 282 1143 423 924 548 585 766 689 476 716 472 1013 753 796 994 247 510 428 549 624 875 166 464 945 715 382 479 694 968 803 662 775 461 499 867 921 389 1001 499 798 581 1141 992 502 337 1048 856 731 878 594 1047 951 960 816 1016
1148 1220 636 0 502 1021 821 584 746 511 665 414 471 1256 626 795 310 827 636 927 302 971 890 168 330 400 928 630 587 116 968 784 523 914 413 200 428 538 325 608 610 483 1330 526 176 1023 488 497 892 202 277 949 668 304 1177 1176 339 905 827 457 1258 477 1129 301 895 356 989 890 989 429 737 592 990 450 507 427 537 1004 504 983 920 1075 1183 449 890 505
1374 1359 504 502 0 1247 808 557 696 545 728 447 222 1396 317 806 284 814 862 938 303 1078 1063 401 300 433 915 692 561 453 884 733 666 829 447 367 108 289 212 671 360 174 1403 276 514 1249 461 95 879 366 503 1175 618 305 1317 1166 223 917 1053 491 1255 227 1147 302 906 390 1216 795 1215 641 964 283 1216 514 105 257 571 1228 254 1210 966 1301 1323 483 1116 539
721 793 947 1021 1247 0 675 907 895 1514 1022 1416 1228 830 1358 548 1042 724 727 462 1034 426 344 1173 1062 1402 695 986 899 1120 844 898 1528 920 1416 932 1185 1295 1181 965 1366 1215 862 1282 1181 596 956 1253 599 934 791 254 950 1036 751 711 1071 543 281 1459 748 1233 617 1033 533 1359 523 1089 604 749 326 1324 698 1455 1245 1093 1540 458 1260 480 375 649 757 1452 164 1508
846 715 357 821 808 675 0 316 267 1314 535 1216 1003 751 919 277 728 88 821 294 720 433 419 974 748 1202 145 500 309 921 228 271 1328 304 1216 733 889 1070 981 478 1020 776 695 1058 981 721 469 815 109 734 656 603 359 722 672 396 686 161 422 1260 485 967 503 719 180 1159 648 471 729 520 525 885 869 1255 806 606 1340 584 1036 605 322 774 678 1252 544 1308
1079 947 123 584 557 907 316 0 204 1076 480 978 752 983 668 394 491 322 748 526 483 665 651 736 511 964 423 445 76 683 437 241 1091 382 978 495 638 819 743 423 769 525 973 807 744 954 194 564 387 497 572 835 126 485 904 674 435 439 654 1021 763 716 735 482 458 920 881 348 961 447 757 634 1101 1018 555 331 1102 816 785 837 554 1006 910 1014 776 1070
1067 935 245 746 696 895 267 204 0 1215 502 1117 892 971 807 382 635 274 788 514 646 653 639 899 651 1103 368 467 197 846 281 65 1253 226 1117 658 778 959 882 445 908 664 924 946 907 941 357 703 338 660 623 823 139 648 892 625 575 390 642 1161 714 855 723 645 410 1060 869 264 949 487 745 774 1089 1181 695 494 1241 804 924 825 542 994 898 1153 764 1209
1641 1713 1022 511 545 1514 1314 1076 1215 0 1158 142 515 1749 706 1288 802 1320 1129 1420 795 1464 1383 410 818 150 1421 1123 1079 462 1403 1252 144 1348 214 623 471 582 368 1101 653 693 1823 569 523 1516 980 540 1385 622 770 1442 1137 797 1671 1669 742 1398 1320 100 1751 520 1622 794 1388 395 1482 1314 1482 922 1231 672 1483 267 550 775 49 1497 547 1476 1413 1568 1677 250 1383 49
1177 1062 533 665 728 1022 535 480 502 1158 0 1061 872 1098 839 509 572 541 665 641 564 780 766 818 592 1047 642 88 484 765 682 506 1172 628 1060 577 809 939 825 123 940 696 1106 926 825 1052 438 735 606 578 500 950 557 567 1019 890 601 619 769 1104 972 878 850 563 608 1003 996 705 1019 364 767 805 1020 1099 726 502 1184 931 905 952 669 1105 1025 1096 891 1152
1543 1615 925 414 447 1416 1216 978 1117 142 1061 0 417 1652 608 1191 705 1223 1031 1323 698 1367 1285 313 721 64 1323 1025 982 365 1305 1154 263 1250 116 525 374 484 270 1004 555 595 1726 471 425 1418 883 443 1287 524 672 1345 1039 700 1573 1572 644 1301 1222 88 1653 422 1524 697 1290 301 1385 1216 1385 825 1133 575 1386 223 452 678 168 1399 449 1379 1316 1471 1579 152 1286 136
1355 1427 699 471 222 1228 1003 752 892 515 872 417 0 1463 383 1002 479 1010 843 1134 498 1178 1097 371 495 403 1110 837 756 422 1079 929 635 1025 416 337 148 129 181 815 200 369 1537 116 483 1230 657 217 1074 335 484 1156 813 500 1384 1361 418 1112 1034 460 1450 197 1336 497 1101 359 1196 991 1196 636 944 349 1197 484 226 452 540 1211 94 1190 1127 1282 1390 453 1097 509
622 448 1028 1345 1418 877 710 988 939 1838 1120 1740 1552 0 1529 647 1314 760 1051 507 1306 503 672 1498 1334 1726 721 1085 981 1445 764 901 1852 840 1740 1257 1499 1619 1505 1063 1630 1386 238 1606 1505 497 1055 1425 635 1258 1115 805 1031 1308 406 410 1296 617 624 1784 367 1557 293 1305 631 1683 404 1009 505 1073 728 1495 645 1779 1416 1192 1864 505 1584 418 589 550 412 1776 746 1832
1485 1470 615 626 317 1358 919 668 807 692 839 595 369 1507 0 918 395 925 973 1050 414 1189 1174 548 411 581 1026 803 672 600 995 844 813 940 594 515 326 333 359 782 258 285 1514 423 661 1360 573 324 990 513 614 1287 729 416 1428 1277 334 1028 1164 638 1366 321 1259 413 1017 537 1327 906 1326 752 1075 124 1328 662 315 368 718 1339 402 1321 1077 1413 1434 631 1227 686
720 588 434 795 806 548 277 394 382 1288 509 1191 1002 624 918 0 702 326 795 167 694 306 292 948 722 1176 297 474 387 895 447 386 1302 429 1190 707 888 1069 955 452 1018 775 632 1056 955 595 444 813 201 708 630 476 437 696 546 416 685 145 295 1234 498 965 376 693 135 1133 522 585 602 494 399 884 742 1229 805 581 1314 457 1034 478 195 647 552 1226 417 1282
1169 1241 442 310 284 1042 728 491 635 802 572 705 479 1277 395 702 0 734 657 834 98 973 911 463 49 691 835 537 494 410 823 672 817 768 704 222 365 546 469 515 496 252 1299 533 470 1044 395 290 799 223 298 970 557 100 1199 1083 107 812 848 748 1165 442 1043 97 802 647 1011 734 1010 450 759 361 1011 744 282 195 828 1025 511 1005 862 1096 1205 740 911 796
896 764 363 827 814 724 88 322 274 1320 541 1223 1010 801 925 326 734 0 827 344 726 483 468 980 754 1209 195 506 315 927 166 277 1334 242 1222 739 896 1077 987 484 1026 782 745 1064 987 771 475 821 159 740 662 653 365 729 722 446 693 210 471 1266 534 973 553 725 230 1165 698 411 779 526 575 892 918 1261 813 612 1346 633 1042 655 371 824 728 1258 593 1314
854 926 800 636 862 727 821 748 788 1129 665 1031 843 962 973 795 657 827 0 713 649 677 596 788 677 1017 928 630 751 735 968 792 1143 914 1031 547 799 910 796 608 981 830 1036 897 796 729 652 868 850 549 406 655 832 651 883 962 686 794 533 1074 999 848 835 648 784 974 695 991 695 364 443 939 696 1070 860 716 1155 710 875 689 626 781 889 1067 596 1123
622 448 566 927 938 462 294 526 514 1420 641 1323 1134 484 1050 167 834 344 713 0 826 220 206 1080 854 1308 314 606 519 1027 463 518 1434 539 1322 839 1020 1201 1087 584 1150 907 492 1188 1087 497 576 945 219 840 762 390 569 828 406 278 817 163 209 1366 358 1097 236 825 152 1265 403 708 504 626 313 1016 644 1361 937 713 1446 371 1166 392 109 550 412 1358 331 1414
1161 1233 462 302 303 1034 720 483 646 795 564 698 498 1270 414 694 98 726 649 826 0 965 903 455 118 684 827 529 486 402 842 683 809 787 697 214 384 565 462 507 515 271 1291 552 463 1036 387 309 791 215 290 963 567 46 1191 1075 126 804 840 741 1157 461 1035 43 794 640 1003 753 1003 443 751 380 1004 736 301 215 821 1017 531 997 854 1089 1197 733 904 789
446 443 706 965 1078 426 433 665 653 1458 780 1361 1172 479 1189 306 973 483 671 220 965 0 221 1118 993 1346 453 745 658 1065 602 657 1472 678 1360 877 1129 1239 1125 723 1290 1046 488 1226 1125 321 715 1084 358 878 735 354 708 968 401 414 956 302 173 1404 371 1177 244 965 291 1303 248 847 329 693 277 1155 469 1399 1076 852 1484 183 1204 205 149 374 407 1396 295 1452
516 588 691 890 1063 344 419 651 639 1383 766 1285 1097 625 1174 292 911 468 596 206 903 221 0 1042 931 1271 439 730 643 989 588 642 1397 664 1285 801 1053 1164 1050 709 1235 1031 657 1151 1050 391 700 1070 343 803 660 273 694 905 546 455 940 287 92 1328 537 1102 413 902 277 1228 318 833 399 618 195 1141 539 1324 1062 837 1409 253 1129 275 119 444 552 1321 214 1377
1300 1372 789 168 401 1173 974 736 899 410 818 313 371 1409 562 948 463 980 788 1080 455 1124 1042 0 483 299 1080 782 740 119 1120 936 527 1066 312 353 327 438 224 761 509 549 1483 425 180 1175 641 396 1044 355 429 1102 821 457 1330 1329 491 1058 979 356 1411 376 1281 454 1047 255 1142 1043 1142 582 890 528 1143 380 406 579 436 1156 403 1136 1073 1228 1336 348 1043 404
1189 1261 459 330 300 1062 748 511 651 818 592 721 495 1298 411 722 49 754 677 854 118 993 931 483 0 707 855 557 514 430 839 688 837 784 720 242 381 562 485 535 512 268 1319 549 491 1064 415 306 819 243 318 991 573 120 1219 1103 123 832 868 764 1185 458 1063 117 822 663 1031 750 1031 471 779 377 1032 764 298 212 844 1045 527 1025 882 1117 1225 756 932 812
1529 1601 911 400 433 1402 1202 964 1103 150 1047 64 403 1637 594 1176 691 1209 1017 1308 684 1352 1271 299 707 0 1309 1011 968 350 1291 1140 271 1236 102 511 360 470 256 990 541 581 1711 457 411 1404 868 428 1273 510 658 1331 1025 686 1559 1558 630 1287 1208 96 1639 408 1510 683 1276 287 1371 1202 1371 811 1119 560 1372 209 438 664 176 1385 435 1365 1302 1457 1565 138 1271 144
867 735 463 928 915 695 145 423 368 1421 642 1323 1110 771 1026 297 835 195 928 314 827 453 439 1080 855 1309 0 606 416 1027 191 328 1435 267 1323 839 996 1177 1088 585 1127 883 706 1165 1088 741 576 922 129 841 763 623 459 829 692 408 793 181 442 1366 496 1074 523 826 201 1266 669 436 749 627 545 992 889 1362 913 713 1447 604 1143 625 342 794 698 1359 564 1415
1142 1026 497 630 692 986 500 445 467 1123 88 1025 837 1063 803 474 537 506 630 606 529 745 730 782 557 1011 606 0 449 729 646 470 1137 592 1025 541 774 904 790 88 904 661 1070 891 790 1017 402 699 570 543 465 915 522 531 984 855 566 584 733 1068 936 842 815 528 573 968 960 670 983 329 731 770 984 1064 691 467 1149 895 869 917 633 1069 990 1061 856 1117
1071 939 116 587 561 899 309 76 197 1079 484 982 756 976 672 387 494 315 751 519 486 658 643 740 514 968 416 449 0 687 430 234 1094 375 981 499 642 823 746 427 773 529 966 810 747 946 198 567 380 500 575 828 119 489 897 667 439 431 647 1025 756 719 728 485 451 924 873 341 954 450 750 638 1093 1021 559 335 1105 808 788 830 547 999 903 1017 769 1073
1247 1319 736 116 453 1120 921 683 846 462 765 365 422 1356 614 895 410 927 735 1027 402 1071 989 119 430 350 1027 729 687 0 1067 883 426 1013 364 300 379 489 276 708 561 583 1430 477 127 1122 588 448 992 302 376 1049 768 404 1277 1276 438 1005 926 408 1358 428 1228 401 994 279 1089 990 1089 529 837 580 1090 353 457 526 487 1103 455 1083 1020 1175 1283 400 990 456
1016 884 477 968 884 844 228 437 281 1403 682 1305 1079 920 995 447 823 166 968 463 842 602 588 1120 839 1291 191 646 430 1067 0 241 1475 179 1304 879 965 1146 1070 625 1096 852 749 1134 1128 891 589 891 299 881 803 772 372 844 841 450 762 331 591 1348 539 1043 672 841 351 1247 818 348 898 667 695 961 1038 1372 882 717 1429 753 1112 774 491 943 847 1341 713 1397
1070 938 282 784 733 898 271 241 65 1252 506 1154 929 975 844 386 672 277 792 518 683 657 642 936 688 1140 328 470 234 883 241 0 1291 186 1154 695 815 996 919 449 945 701 886 983 944 945 394 740 342 697 627 827 177 685 896 587 612 393 646 1198 676 892 727 682 413 1097 872 224 953 491 749 811 1092 1218 732 531 1278 807 961 829 546 998 902 1190 768 1246
1655 1727 1143 523 666 1528 1328 1091 1253 144 1172 263 635 1763 827 1302 817 1334 1143 1434 809 1478 1397 527 837 271 1435 1137 1094 426 1475 1291 0 1421 335 707 592 702 489 1115 774 814 1837 690 464 1530 995 661 1399 709 784 1456 1175 811 1684 1683 846 1412 1334 221 1765 641 1636 808 1402 309 1496 1397 1496 936 1244 793 1497 181 671 896 118 1511 668 1490 1427 1582 1690 371 1397 150
1092 960 423 914 829 920 304 382 226 1348 628 1250 1025 996 940 429 768 242 914 539 787 678 664 1066 784 1236 267 592 375 1013 179 186 1421 0 1250 826 911 1092 1015 571 1041 797 825 1079 1074 967 535 836 375 827 749 848 317 789 917 526 708 407 667 1293 615 988 748 786 427 1193 894 294 974 613 771 907 1114 1317 828 663 1374 829 1057 850 567 1019 923 1286 789 1342
1543 1615 924 413 447 1416 1216 978 1117 214 1060 116 416 1651 608 1190 704 1222 1031 1322 697 1366 1285 312 720 102 1323 1025 981 364 1304 1154 335 1250 0 525 373 483 270 1003 555 595 1725 471 425 1418 882 442 1287 523 672 1344 1038 699 1572 1571 644 1300 1222 159 1653 422 1524 696 1289 301 1384 1216 1384 824 1132 574 1385 223 451 677 240 1399 449 1378 1315 1470 1578 88 1285 208
1059 1131 548 200 367 932 733 495 658 623 577 525 337 1168 528 707 222 739 547 839 214 883 801 353 242 511 839 541 499 300 879 695 707 826 525 0 294 404 290 520 475 395 1242 391 361 934 400 363 804 60 188 861 580 216 1089 1088 250 817 738 569 1170 342 1041 213 806 468 901 802 901 341 649 495 902 592 372 339 649 915 369 895 832 987 1095 561 802 617
1311 1383 585 428 108 1185 889 638 778 471 809 374 148 1420 339 888 365 896 799 1020 384 1135 1053 327 381 360 996 774 642 379 965 815 592 911 373 294 0 215 138 752 286 255 1484 202 440 1186 543 103 960 292 440 1113 699 386 1341 1247 304 998 990 417 1336 153 1229 383 987 316 1153 877 1153 593 901 306 1154 441 112 338 497 1167 180 1147 1048 1239 1347 409 1054 465
1422 1494 766 538 289 1295 1070 819 959 582 939 484 129 1530 333 1069 546 1077 910 1201 565 1245 1164 438 562 470 1177 904 823 489 1146 996 702 1092 483 404 215 0 248 882 100 436 1604 183 550 1297 724 284 1141 402 551 1223 880 567 1451 1428 485 1179 1101 527 1517 264 1403 564 1168 426 1263 1058 1263 703 1011 251 1264 551 293 519 607 1278 161 1257 1194 1349 1457 520 1164 576
1308 1380 689 325 212 1181 981 743 882 368 825 270 181 1416 373 955 469 987 796 1087 462 1131 1050 224 485 256 1088 790 746 276 1070 919 489 1015 270 290 138 248 0 768 320 360 1490 236 336 1183 647 207 1052 289 437 1109 803 464 1337 1336 409 1065 987 313 1418 187 1289 461 1055 212 1149 981 1149 589 898 339 1150 337 217 442 394 1164 214 1143 1080 1235 1343 306 1050 362
1120 1005 476 608 671 965 478 423 445 1101 123 1004 815 1041 782 452 515 484 608 584 507 723 709 761 535 990 585 88 427 708 625 449 1115 571 1003 520 752 882 768 0 883 639 1048 869 768 995 381 677 549 521 443 893 500 509 962 833 544 562 712 1047 915 821 793 506 551 946 939 648 961 307 710 748 963 1042 669 445 1127 874 848 895 612 1048 968 1039 834 1095
1493 1565 716 610 360 1366 1020 769 908 653 940 555 200 1601 258 1018 496 1026 981 1150 515 1290 1235 509 512 541 1127 904 773 561 1096 945 774 1041 555 475 286 100 320 883 0 386 1615 254 621 1368 673 355 1091 474 622 1294 830 517 1523 1378 435 1129 1172 598 1467 335 1359 514 1118 498 1335 1007 1334 774 1083 177 1335 622 365 469 679 1349 232 1329 1178 1421 1529 591 1235 647
1342 1327 472 483 174 1215 776 525 664 693 696 595 369 1364 285 775 252 782 830 907 271 1046 1031 549 268 581 883 661 529 583 852 701 814 797 595 395 255 436 360 639 386 0 1371 424 643 1217 430 181 847 396 471 1144 586 273 1285 1134 191 885 1021 638 1223 333 1116 270 874 537 1184 763 1184 609 932 251 1185 662 172 225 719 1196 402 1178 935 1270 1291 631 1085 687
748 574 1154 1470 1543 1002 835 1113 1064 1963 1246 1866 1677 610 1654 772 1439 885 1176 632 1431 629 797 1623 1459 1852 847 1210 1106 1570 889 1026 1977 965 1865 1382 1625 1744 1630 1189 1755 1511 0 1732 1631 623 1180 1550 760 1384 1240 931 1156 1433 531 535 1422 742 749 1909 492 1683 418 1430 757 1808 529 1134 630 1198 853 1621 770 1905 1542 1317 1989 631 1710 544 714 675 537 1902 872 1957
1409 1481 753 526 276 1282 1058 807 946 569 926 471 116 1517 437 1056 533 1064 897 1188 552 1232 1151 425 549 457 1165 891 810 477 1134 983 690 1079 471 391 202 183 236 869 254 424 1591 0 537 1284 711 271 1129 390 538 1210 867 555 1439 1416 473 1166 1088 514 1504 251 1390 551 1156 414 1251 1045 1250 690 999 403 1251 538 281 506 595 1265 110 1245 1181 1336 1445 507 1151 563
1308 1380 796 176 514 1181 981 744 907 523 825 425 483 1416 674 955 470 987 796 1087 463 1131 1050 180 491 411 1088 790 747 127 1128 944 464 1074 425 361 440 550 336 768 621 643 1490 537 0 1183 648 509 1052 362 437 1109 828 465 1338 1337 499 1066 987 468 1418 488 1289 462 1055 316 1150 1051 1149 590 898 641 1151 391 518 587 524 1164 515 1144 1080 1236 1344 461 1050 517
149 221 1040 1315 1412 849 767 999 987 1808 1114 1711 1522 257 1523 640 1307 817 1021 501 1300 496 644 1468 1328 1697 787 1079 992 1415 936 991 1822 1012 1710 1227 1479 1589 1475 1057 1624 1380 476 1576 1475 0 1049 1419 692 1228 1085 777 1042 1302 178 648 1290 636 596 1754 605 1528 285 1299 625 1653 343 1181 475 1043 700 1489 615 1749 1410 1186 1834 476 1555 389 582 76 184 1746 718 1802
1128 996 247 488 461 956 469 194 357 980 438 883 657 1033 573 444 395 475 652 576 387 715 700 641 415 868 576 402 198 588 589 394 995 535 882 400 543 724 647 381 673 430 1040 711 648 1003 0 468 540 401 476 885 278 389 954 825 340 554 703 926 906 620 785 386 543 825 930 501 1006 351 754 539 1007 922 460 236 1006 865 689 887 603 1056 960 918 825 974
1380 1366 510 497 95 1253 815 564 703 540 735 443 217 1402 324 813 290 821 868 945 309 1084 1070 396 306 428 922 699 567 448 891 740 661 836 442 363 103 284 207 677 355 181 1410 271 509 1255 468 0 886 361 509 1182 625 312 1324 1173 230 923 1059 486 1261 222 1154 309 913 385 1222 802 1222 648 970 290 1223 510 100 263 566 1235 249 1216 973 1308 1330 478 1123 534
771 639 428 892 879 599 109 387 338 1385 606 1287 1074 676 990 201 799 159 850 219 791 358 343 1044 819 1273 129 570 380 992 299 342 1399 375 1287 804 960 1141 1052 549 1091 847 620 1129 1052 646 540 886 0 805 727 528 430 793 597 321 757 85 346 1331 410 1038 428 790 105 1230 573 541 654 591 450 956 793 1326 877 677 1411 508 1107 530 246 699 603 1323 469 1379
1061 1133 549 202 366 934 734 497 660 622 578 524 335 1169 527 708 223 740 549 840 215 884 803 355 243 510 841 543 500 302 881 697 709 827 523 60 292 402 289 521 474 396 1243 390 362 936 401 361 805 0 190 862 581 218 1091 1090 252 818 740 567 1171 341 1042 215 808 466 903 804 902 342 651 493 903 591 371 340 648 917 368 897 833 989 1097 560 803 616
918 990 624 277 503 791 656 572 623 770 500 672 484 1026 614 630 298 662 406 762 290 741 660 429 318 658 763 465 575 376 803 627 784 749 672 188 440 551 437 443 622 471 1100 538 437 792 476 509 727 190 0 719 656 292 947 1011 327 740 597 715 1063 489 899 289 730 614 759 826 759 199 507 580 760 711 501 415 796 774 516 753 690 845 953 708 660 764
650 722 875 949 1175 254 603 835 823 1442 950 1345 1156 758 1287 476 970 653 655 390 963 354 273 1102 991 1331 623 915 828 1049 772 827 1456 848 1344 861 1113 1223 1109 893 1294 1144 790 1210 1109 525 885 1182 528 862 719 0 878 965 679 639 999 472 210 1388 676 1162 546 962 461 1287 452 1017 532 677 255 1253 626 1383 1174 1022 1468 387 1189 408 303 577 685 1380 123 1436
1122 990 166 668 618 950 359 126 139 1137 557 1039 813 1026 729 437 557 365 832 569 567 708 694 821 573 1025 459 522 119 768 372 177 1175 317 1038 580 699 880 803 500 830 586 1016 867 828 997 278 625 430 581 656 878 0 569 947 717 496 482 697 1082 806 776 778 566 501 981 924 283 1004 531 801 695 1144 1102 616 416 1162 859 846 880 597 1049 953 1075 819 1131
1163 1235 464 304 305 1036 722 485 648 797 567 700 500 1272 416 696 100 729 651 828 46 968 905 457 120 686 829 531 489 404 844 685 811 789 699 216 386 567 464 509 517 273 1293 555 465 1038 389 312 793 218 292 965 569 0 1193 1078 129 807 842 743 1159 463 1037 45 796 642 1005 755 1005 445 753 382 1006 739 303 217 823 1019 533 999 856 1091 1199 736 906 792
739 565 1145 1462 1535 994 827 1105 1056 1955 1237 1857 1669 602 1646 763 1430 876 1168 624 1423 620 789 1614 1451 1843 838 1202 1097 1561 881 1018 1969 957 1857 1373 1616 1736 1622 1180 1747 1503 355 1723 1622 614 1172 1541 751 1375 1232 922 1148 1425 0 526 1413 734 741 1900 484 1674 409 1422 748 1800 521 1126 622 1190 845 1612 761 1896 1533 1309 1981 622 1701 535 705 667 529 1893 863 1949
779 605 715 1176 1166 711 396 674 625 1669 890 1572 1361 641 1277 416 1083 446 962 278 1075 414 455 1329 1103 1558 408 855 667 1276 450 587 1683 526 1571 1088 1247 1428 1336 833 1378 1134 395 1416 1337 654 825 1173 321 1090 1011 639 717 1078 562 0 1044 303 458 1615 184 1325 399 1075 323 1514 560 695 661 875 562 1243 801 1610 1164 962 1695 537 1394 559 358 706 568 1607 580 1663
1198 1238 382 339 223 1071 686 435 575 742 601 644 418 1274 334 685 107 693 686 817 126 956 940 491 123 630 793 566 439 438 762 612 846 708 644 250 304 485 409 544 435 191 1281 473 499 1073 340 230 757 252 327 999 496 129 1195 1044 0 795 877 687 1133 382 1026 126 784 587 1039 674 1039 479 788 300 1040 711 221 135 768 1054 451 1033 845 1125 1201 680 940 736
715 583 479 905 917 543 161 439 390 1398 619 1301 1112 620 1028 145 812 210 794 163 804 302 287 1058 832 1287 181 584 431 1005 331 393 1412 407 1300 817 998 1179 1065 562 1129 885 602 1166 1066 590 554 923 85 818 740 472 482 807 541 303 795 0 290 1344 392 1075 372 804 87 1243 517 576 598 604 394 994 737 1339 915 691 1424 452 1144 474 190 643 547 1336 413 1392
468 540 694 827 1053 281 422 654 642 1320 769 1222 1034 577 1164 295 848 471 533 209 840 173 92 979 868 1208 442 733 647 926 591 646 1334 667 1222 738 990 1101 987 712 1172 1021 609 1088 987 343 703 1059 346 740 597 210 697 842 498 458 877 290 0 1265 495 1039 365 839 280 1165 271 836 351 555 132 1130 491 1261 1051 840 1346 206 1066 227 122 396 504 1258 151 1314
1586 1658 968 457 491 1459 1260 1021 1161 100 1104 88 460 1695 651 1234 748 1266 1074 1366 741 1410 1328 356 764 96 1366 1068 1025 408 1348 1198 221 1293 159 569 417 527 313 1047 598 638 1769 514 468 1461 926 486 1331 567 715 1388 1082 743 1616 1615 687 1344 1265 0 1697 465 1568 740 1333 345 1428 1259 1428 868 1176 618 1429 266 495 721 126 1442 492 1422 1359 1514 1622 196 1329 94
736 562 803 1258 1255 748 485 763 714 1751 972 1653 1450 598 1366 498 1165 534 993 358 1157 371 537 1411 1185 1639 496 936 756 1358 539 676 1765 615 1653 1170 1336 1517 1418 915 1467 1223 352 1504 1418 611 906 1261 410 1171 1057 676 806 1159 520 184 1133 392 495 1697 0 1413 356 1156 412 1596 517 784 618 957 598 1332 758 1692 1253 1043 1777 495 1482 516 440 664 526 1689 617 1745
1392 1377 521 533 223 1265 826 575 714 624 745 526 300 1413 204 824 301 832 880 956 320 1095 1081 480 317 512 933 710 578 532 902 751 745 847 525 444 257 367 291 688 305 192 1421 355 592 1267 479 230 897 445 521 1193 635 322 1334 1184 241 934 1071 569 1272 0 1165 319 924 468 1233 813 1233 659 981 171 1234 593 222 274 650 1246 333 1227 984 1319 1340 562 1134 618
406 232 775 1129 1147 617 503 735 723 1622 850 1524 1336 269 1259 376 1043 553 835 236 1035 244 413 1281 1063 1510 523 815 728 1228 672 727 1636 748 1524 1041 1229 1403 1289 793 1359 1116 278 1390 1289 281 785 1154 428 1042 899 546 778 1037 190 399 1026 372 365 1568 356 1306 0 1034 361 1467 188 917 289 835 468 1225 428 1563 1146 922 1648 281 1368 202 318 334 196 1560 487 1616
1160 1232 461 301 302 1033 719 482 645 794 563 697 497 1269 413 693 97 725 648 825 43 965 902 454 117 683 826 528 485 401 841 682 808 786 696 213 383 564 461 506 514 270 1290 551 462 1035 386 309 790 215 289 962 566 45 1190 1075 126 804 839 740 1156 460 1034 0 793 639 1002 752 1002 442 750 379 1003 736 300 214 820 1016 530 996 853 1088 1196 733 903 788
704 573 499 895 906 533 180 458 410 1388 608 1290 1101 609 1017 135 802 230 784 152 794 291 277 1047 822 1276 201 573 451 994 351 413 1402 427 1289 806 987 1168 1055 551 1118 874 616 1156 1055 579 543 913 105 808 730 461 501 796 530 323 784 87 280 1333 412 1065 361 793 0 1232 507 596 587 594 383 983 727 1329 904 680 1414 442 1134 463 180 632 536 1326 402 1382
1486 1558 867 356 390 1359 1159 920 1060 395 1003 301 359 1594 551 1133 647 1165 974 1265 640 1309 1228 255 663 287 1266 968 924 279 1247 1097 309 1193 301 468 316 426 212 946 498 537 1668 414 316 1361 825 385 1230 466 614 1287 981 642 1515 1514 587 1243 1165 345 1596 365 1467 639 1232 0 1327 1159 1327 767 1075 517 1328 236 394 620 369 1342 392 1321 1258 1413 1521 337 1228 393
267 291 921 989 1216 523 648 881 869 1482 996 1385 1196 327 1327 522 1011 698 695 403 1003 248 318 1142 1031 1371 669 960 873 1089 818 872 1496 894 1384 901 1153 1263 1149 939 1335 1184 389 1251 1150 142 930 1222 573 903 759 452 924 1005 248 560 1039 517 271 1428 517 1202 188 1002 507 1327 0 1063 149 717 374 1293 289 1424 1214 1067 1508 150 1229 63 349 194 254 1421 393 1477
1261 1129 389 890 795 1089 471 348 264 1314 705 1216 991 1165 906 585 734 411 991 708 753 847 833 1043 750 1202 436 670 341 990 348 224 1397 294 1216 802 877 1058 981 648 1007 763 994 1045 1051 1136 501 802 541 804 826 1017 283 755 1087 695 674 576 836 1259 784 954 917 752 596 1159 1063 0 1143 690 940 872 1283 1283 794 629 1340 998 1023 1019 736 1188 1093 1252 958 1308
308 380 1001 989 1215 604 729 961 949 1482 1019 1385 1196 416 1326 602 1010 779 695 504 1003 329 399 1142 1031 1371 749 983 954 1089 898 953 1496 974 1384 901 1153 1263 1149 961 1334 1184 490 1250 1149 183 1006 1222 654 902 759 532 1004 1005 337 661 1039 598 351 1428 618 1202 289 1002 587 1327 149 1143 0 717 377 1293 289 1423 1214 1070 1508 230 1229 143 429 235 343 1420 473 1476
876 948 499 429 641 749 520 447 487 922 364 825 636 984 752 494 450 526 364 626 443 699 618 582 471 811 627 329 450 529 667 491 936 613 824 341 593 703 589 307 774 609 1058 690 590 751 351 648 591 342 199 677 531 445 906 875 479 604 555 868 957 642 835 442 594 767 717 690 717 0 466 719 718 863 640 415 948 732 669 711 648 803 912 860 618 916
572 644 798 737 964 326 525 757 745 1231 767 1133 944 680 1075 399 759 575 443 313 751 277 195 890 779 1119 545 731 750 837 695 749 1244 771 1132 649 901 1011 898 710 1083 932 713 999 898 447 754 970 450 651 507 255 801 753 602 562 788 394 132 1176 598 950 468 750 383 1075 374 940 414 466 0 1041 415 1172 962 818 1257 309 977 331 226 500 608 1169 196 1225
1451 1436 581 592 283 1324 885 634 774 659 805 561 335 1473 124 884 361 892 939 1016 380 1155 1141 515 377 547 992 770 638 566 961 811 780 907 560 481 292 251 326 748 177 251 1480 390 627 1326 539 290 956 480 580 1253 695 382 1394 1243 300 994 1130 604 1332 287 1225 379 983 503 1293 872 1293 719 1041 0 1294 628 282 334 685 1305 368 1287 1044 1379 1400 597 1194 653
335 407 1028 918 1144 589 756 988 976 1411 947 1313 1125 443 1255 629 939 806 624 531 931 356 426 1070 959 1299 776 912 981 1017 925 980 1425 1001 1313 829 1081 1192 1078 890 1263 1112 517 1179 1078 210 934 1150 681 831 688 517 1031 933 364 688 968 625 378 1356 645 1130 316 930 614 1256 176 1170 176 646 306 1221 0 1352 1142 998 1437 257 1157 170 456 262 370 1349 458 1405
1582 1654 992 450 514 1455 1255 1018 1181 267 1099 223 484 1690 675 1229 744 1261 1070 1361 736 1405 1324 380 764 209 1362 1064 1021 353 1372 1218 181 1317 223 592 441 551 337 1042 622 662 1764 538 391 1457 922 510 1326 591 711 1383 1102 739 1612 1610 711 1339 1261 266 1692 489 1563 736 1329 236 1424 1283 1423 863 1172 641 1424 0 519 745 241 1438 516 1418 1354 1509 1618 259 1324 273
1372 1357 502 507 105 1245 806 555 695 550 726 452 226 1394 315 805 282 813 860 937 301 1076 1062 406 298 438 913 691 559 457 882 732 671 828 451 372 112 293 217 669 365 172 1401 281 518 1247 460 100 877 371 501 1174 616 303 1315 1164 221 915 1051 495 1253 232 1146 300 904 394 1214 794 1214 640 962 282 1215 519 0 255 576 1226 259 1208 965 1300 1321 488 1115 544
1228 1133 337 427 257 1093 606 331 494 775 502 678 452 1170 368 581 195 612 716 713 215 852 837 579 212 664 713 467 335 526 717 531 896 663 677 339 338 519 442 445 469 225 1177 506 587 1103 236 263 677 340 415 1022 416 217 1091 962 135 691 840 721 1043 415 922 214 680 620 1067 629 1070 415 818 334 1071 745 255 0 801 1002 484 1024 740 1156 1097 713 963 769
1667 1739 1048 537 571 1540 1340 1102 1241 49 1184 168 540 1775 732 1314 828 1346 1155 1446 821 1490 1409 436 844 176 1447 1149 1105 487 1429 1278 118 1374 240 649 497 607 394 1127 679 719 1849 595 524 1542 1006 566 1411 648 796 1468 1162 823 1696 1695 768 1424 1346 126 1777 546 1648 820 1414 369 1508 1340 1508 948 1257 698 1509 241 576 801 0 1523 573 1502 1439 1594 1703 276 1409 55
348 420 856 998 1224 458 584 816 804 1491 931 1393 1205 456 1335 457 1019 633 704 371 1011 183 253 1150 1039 1379 604 895 808 1097 753 807 1505 829 1393 909 1161 1272 1158 874 1343 1192 490 1259 1158 223 865 1230 508 911 768 387 859 1013 377 537 1048 452 206 1436 495 1210 281 1010 442 1336 150 998 230 726 309 1301 370 1432 1222 1002 1517 0 1237 106 284 275 383 1429 328 1485
1387 1459 731 504 254 1260 1036 785 924 547 905 449 94 1496 415 1034 511 1042 875 1166 531 1210 1129 403 527 435 1143 869 788 455 1112 961 668 1057 449 369 180 161 214 848 232 402 1569 110 515 1262 689 249 1107 368 516 1189 846 533 1417 1394 451 1144 1066 492 1482 229 1368 530 1134 392 1229 1023 1229 669 977 381 1230 516 259 484 573 1243 0 1223 1160 1315 1423 485 1130 541
261 333 878 983 1210 480 605 837 825 1476 952 1379 1190 369 1321 478 1005 655 689 392 997 205 275 1136 1025 1365 625 917 830 1083 774 829 1490 850 1378 895 1147 1257 1143 895 1329 1178 403 1245 1144 136 887 1216 530 897 753 408 880 999 290 559 1033 474 227 1422 516 1196 202 996 463 1321 63 1019 143 711 331 1287 283 1418 1208 1024 1502 106 1223 0 305 188 296 1415 349 1470
547 530 594 920 966 375 322 554 542 1413 669 1316 1127 566 1077 195 862 371 626 109 854 149 119 1073 882 1302 342 633 547 1020 491 546 1427 567 1315 832 1048 1194 1080 612 1178 935 574 1181 1080 422 603 973 246 833 690 303 597 856 488 358 845 190 122 1359 440 1125 318 853 180 1258 349 736 429 648 226 1044 569 1354 965 740 1439 284 1160 305 0 474 494 1351 244 1407
119 191 1010 1285 1382 819 737 969 957 1778 1084 1680 1492 227 1493 610 1277 787 991 470 1269 466 614 1438 1297 1666 757 1049 962 1385 906 961 1792 982 1680 1197 1449 1559 1445 1027 1594 1350 446 1546 1445 437 1019 1388 662 1198 1055 747 1012 1272 148 617 1260 606 566 1724 575 1497 255 1268 595 1623 313 1151 445 1013 670 1459 585 1719 1380 1156 1804 445 1524 358 552 0 154 1716 688 1772
746 572 1152 1469 1542 1001 834 1112 1063 1962 1244 1864 1676 608 1653 770 1437 883 1175 630 1429 627 796 1621 1457 1850 845 1209 1104 1568 887 1025 1976 963 1864 1380 1623 1743 1629 1187 1754 1510 362 1730 1629 621 1179 1548 758 1382 1238 929 1155 1432 530 533 1420 741 748 1907 491 1681 416 1429 755 1806 528 1132 628 1197 851 1619 768 1903 1540 1316 1988 629 1708 542 712 674 0 1900 870 1956
1579 1651 960 449 483 1452 1252 1014 1153 250 1096 152 453 1687 644 1226 740 1258 1067 1358 733 1402 1321 348 756 138 1359 1061 1017 400 1341 1190 371 1286 88 561 409 520 306 1039 591 631 1761 507 461 1454 918 478 1323 560 708 1380 1075 736 1609 1607 680 1336 1258 196 1689 458 1560 733 1326 337 1421 1252 1420 860 1169 610 1421 259 488 713 276 1435 485 1415 1351 1506 1615 0 1321 244
591 663 816 890 1116 164 544 776 764 1383 891 1286 1097 699 1227 417 911 593 596 331 904 295 214 1043 932 1271 564 856 769 990 713 768 1397 789 1285 802 1054 1164 1050 834 1235 1085 731 1151 1050 466 825 1123 469 803 660 123 819 906 620 580 940 413 151 1329 617 1103 487 903 402 1228 393 958 473 618 196 1194 567 1324 1115 963 1409 328 1130 349 244 518 626 1321 0 1377
1635 1707 1016 505 539 1508 1308 1070 1209 49 1152 136 509 1743 700 1282 796 1314 1123 1414 789 1458 1377 404 812 144 1415 1117 1073 456 1397 1246 150 1342 208 617 465 576 362 1095 647 687 1817 563 517 1510 974 534 1379 616 764 1436 1131 792 1665 1663 736 1392 1314 94 1745 514 1616 788 1382 393 1477 1308 1476 916 1225 666 1477 273 544 769 55 1491 541 1470 1407 1562 1671 244 1377 0
EOF