NAME : tsp_problem
TYPE : TSP
DIMENSION : 32
EDGE_WEIGHT_TYPE : EXPLICIT
EDGE_WEIGHT_FORMAT : FULL_MATRIX
EDGE_WEIGHT_SECTION
0 678 893 595 953 679 785 361 531 912 802 654 1094 519 744 628 1095 669 559 586 722 264 779 451 1462 584 637 447 543 1129 716 1626
678 0 599 651 831 70 618 503 535 894 202 224 1076 523 346 859 1002 337 158 425 371 699 612 349 1420 223 207 642 346 835 385 1583
893 599 0 1181 291 600 216 917 1065 612 549 485 624 1053 375 1273 461 553 688 930 297 1113 210 879 879 753 501 1056 489 294 600 1043
595 651 1181 0 1413 652 1188 317 141 1429 811 757 1611 154 919 550 1584 871 522 434 944 464 1181 340 1980 547 740 338 879 1417 918 2143
985 690 150 1272 0 691 308 1008 1156 603 640 576 597 1144 466 1365 422 644 780 1021 389 1204 301 971 852 845 592 1147 581 255 692 1016
679 70 600 652 832 0 619 504 536 895 215 225 1077 524 347 860 1003 338 159 438 372 700 613 350 1421 224 208 643 347 835 386 1584
785 618 216 1188 448 619 0 909 1079 503 568 504 686 1067 394 1251 619 493 704 949 316 1006 29 896 1037 769 520 1048 430 452 541 1200
361 503 917 317 1149 504 909 0 201 1150 626 478 1332 189 640 420 1319 592 383 378 665 323 902 276 1700 408 461 202 600 1152 639 1864
531 535 1065 141 1297 536 1079 201 0 1320 695 648 1502 39 810 549 1468 762 406 318 835 463 1073 224 1871 431 631 338 770 1301 809 2034
912 894 612 1429 499 895 503 1150 1320 0 844 756 288 1308 646 1378 640 735 946 1258 623 1133 497 1137 766 1011 772 1289 671 686 782 1146
802 202 549 811 781 215 568 626 695 844 0 263 1026 683 296 983 952 461 318 496 321 822 562 509 1370 383 279 765 458 785 508 1533
654 224 485 757 717 225 504 478 648 756 263 0 939 636 208 834 888 251 274 586 233 674 498 465 1306 339 62 617 260 721 299 1469
1094 1076 624 1611 493 1077 686 1332 1502 288 1026 939 0 1490 828 1561 635 917 1128 1441 806 1315 680 1319 622 1193 955 1472 854 681 965 1002
519 523 1053 154 1285 524 1067 189 39 1308 683 636 1490 0 798 562 1456 750 394 306 823 476 1061 212 1859 419 619 351 758 1289 797 2022
744 346 375 919 607 347 394 640 810 646 296 208 828 798 0 997 778 323 435 721 123 836 388 626 1196 500 224 779 260 610 371 1359
774 926 1394 417 1608 927 1386 541 417 1566 1086 956 1748 430 1118 0 1749 1069 797 709 1143 643 1380 615 2117 822 939 363 1078 1630 1117 2280
1095 1002 461 1584 343 1003 619 1319 1468 640 952 888 635 1456 778 1561 0 918 1091 1332 700 1316 613 1282 890 1156 904 1459 854 197 965 1053
669 337 553 871 776 338 493 592 762 735 461 251 917 750 323 948 918 0 387 700 301 788 487 579 1285 452 235 731 185 788 186 1449
559 158 688 522 921 159 704 383 406 946 318 274 1128 394 435 740 1091 387 0 342 460 579 698 220 1496 94 257 522 396 924 435 1660
586 425 930 434 1162 438 949 378 318 1258 496 586 1441 306 721 767 1332 700 342 0 746 606 943 174 1751 273 569 550 708 1165 747 1914
722 371 297 944 530 372 316 665 835 623 321 233 806 823 123 1022 700 301 460 746 0 861 310 651 1118 525 249 804 238 533 349 1282
239 699 1003 464 1063 700 894 323 463 1021 822 674 1204 476 836 497 1204 778 579 606 831 0 888 472 1572 604 657 316 652 1238 826 1735
779 612 210 1181 442 613 29 902 1073 497 562 498 680 1061 388 1245 613 487 698 943 310 1000 0 890 1031 763 514 1042 424 446 535 1194
451 349 879 340 1112 350 896 276 224 1137 509 465 1319 212 626 632 1282 579 220 174 651 472 890 0 1688 246 448 415 587 1115 626 1851
1430 1387 846 1947 716 1388 1004 1668 1838 766 1337 1273 622 1826 1163 1896 857 1253 1464 1718 1085 1651 998 1655 0 1529 1289 1807 1189 903 1300 859
584 223 753 547 986 224 769 408 431 1011 383 339 1193 419 500 765 1156 452 94 273 525 604 763 246 1561 0 322 547 461 989 500 1725
637 207 501 740 733 208 520 461 631 772 279 62 955 619 224 818 904 235 257 569 249 657 514 448 1322 322 0 600 243 737 282 1485
447 642 1056 338 1288 643 1048 202 338 1289 765 617 1472 351 779 240 1459 731 522 550 804 316 1042 415 1840 547 600 0 739 1292 779 2003
543 346 489 879 713 347 430 600 770 671 458 260 854 758 260 957 854 185 396 708 238 764 424 587 1222 461 243 739 0 725 232 1386
1129 835 294 1417 372 835 452 1152 1301 686 785 721 681 1289 610 1509 197 788 924 1165 533 1348 446 1115 936 989 737 1292 725 0 836 1099
716 385 600 918 824 386 541 639 809 782 508 299 965 797 371 996 965 186 435 747 349 835 535 626 1333 500 282 779 232 836 0 1496
1622 1579 1039 2139 908 1580 1197 1860 2030 1120 1529 1465 976 2018 1355 2089 1049 1445 1656 1910 1278 1843 1191 1847 833 1721 1481 2000 1382 1095 1493 0
EOF