NAME : tsp_problem
TYPE : TSP
DIMENSION : 38
EDGE_WEIGHT_TYPE : EXPLICIT
EDGE_WEIGHT_FORMAT : FULL_MATRIX
EDGE_WEIGHT_SECTION
0 1590 1212 1178 447 1092 460 103 921 1087 421 246 669 270 256 409 1188 1185 251 1258 1215 1351 733 507 836 1402 1055 486 320 1092 1155 895 985 1352 1043 325 459 1002
1596 0 507 668 2009 618 1457 1667 1095 801 1652 1442 1207 1832 1411 1427 774 674 1610 506 563 503 1110 2000 1096 180 585 1779 1636 903 685 1028 801 343 672 1887 1774 819
1212 476 0 495 1626 173 1011 1284 704 375 1207 1058 762 1448 1028 982 402 501 1226 228 191 201 682 1616 705 473 412 1334 1252 531 513 656 420 263 499 1504 1391 437
1471 656 499 0 1885 517 1355 1542 1048 678 1551 1317 1106 1707 1286 1326 852 106 1485 649 641 542 1027 1875 1049 323 460 1677 1511 980 561 1106 764 428 547 1762 1650 781
447 2004 1626 1592 0 1506 808 486 1310 1500 605 662 938 251 672 823 1543 1598 435 1672 1628 1765 1122 178 1225 1816 1469 670 504 1448 1569 1239 1398 1766 1457 307 643 1416
1092 590 173 514 1506 0 891 1164 584 383 1087 938 642 1328 908 862 388 520 1107 221 177 312 563 1496 585 492 431 1214 1132 516 531 642 300 375 518 1384 1271 317
460 1428 1011 1114 808 891 0 532 658 1022 352 307 287 631 276 119 892 1120 409 1036 992 1150 470 864 573 1330 990 479 397 796 1090 588 759 1213 979 686 536 777
103 1662 1284 1250 486 1164 532 0 992 1158 459 318 741 309 328 481 1259 1256 289 1330 1286 1423 804 579 907 1474 1126 524 359 1164 1227 967 1056 1423 1115 364 497 1074
921 1064 704 1002 1310 584 658 992 0 791 854 767 429 1132 736 691 406 1008 910 612 568 843 250 1325 108 1022 919 981 899 310 1020 174 336 905 1006 1188 1038 353
1087 783 375 425 1500 383 1022 1158 791 0 1227 933 849 1323 902 971 595 431 1101 545 506 505 770 1491 793 649 342 1293 1127 724 443 850 507 557 429 1378 1266 525
421 1624 1207 1319 605 1087 352 459 854 1227 0 512 483 427 481 393 1087 1325 205 1232 1188 1346 666 702 769 1525 1195 360 194 992 1295 784 955 1409 1184 482 332 973
246 1437 1058 1025 662 938 307 318 767 933 512 0 516 485 103 256 1034 1031 386 1105 1061 1198 579 651 682 1249 901 577 411 938 1001 742 831 1198 890 540 550 849
669 1178 762 1060 938 642 287 741 429 849 483 516 0 761 485 328 682 1066 539 806 763 901 241 1036 344 1080 977 610 527 587 1078 378 530 963 1064 816 666 548
270 1827 1448 1415 251 1328 631 309 1132 1323 427 485 761 0 495 646 1366 1421 258 1495 1451 1588 944 349 1047 1639 1291 493 327 1270 1391 1062 1221 1588 1280 129 466 1239
256 1406 1028 994 672 908 276 328 736 902 481 103 485 495 0 225 1003 1000 355 1074 1030 1167 548 660 651 1218 871 546 380 908 971 711 800 1168 859 550 519 818
409 1399 982 1063 823 862 119 481 691 971 393 256 328 646 225 0 933 1069 424 1028 985 1121 503 813 606 1287 939 520 438 837 1039 629 755 1184 928 701 577 772
1188 743 402 806 1543 388 892 1259 406 595 1087 1034 682 1366 1003 933 0 812 1144 291 248 578 528 1592 407 774 723 1215 1132 212 823 337 246 598 810 1421 1271 264
1477 663 505 106 1891 524 1362 1549 1054 684 1558 1324 1112 1714 1293 1333 858 0 1492 656 648 548 1033 1882 1056 329 467 1683 1517 987 567 1113 770 434 554 1769 1656 788
251 1605 1226 1193 435 1107 409 289 910 1101 205 386 539 258 355 424 1144 1199 0 1273 1229 1366 722 533 825 1417 1069 271 105 1048 1170 840 999 1366 1058 313 244 1017
1258 476 228 655 1672 221 1036 1330 612 545 1232 1105 806 1495 1074 1028 291 662 1273 0 80 320 628 1662 613 506 573 1359 1276 420 673 546 319 330 660 1550 1415 337
1215 532 191 638 1628 177 992 1286 568 506 1188 1061 763 1451 1030 985 248 644 1229 80 0 367 584 1619 570 563 555 1315 1233 377 655 502 275 387 642 1506 1372 293
1351 475 201 538 1765 312 1150 1423 843 505 1346 1198 901 1588 1167 1121 578 545 1366 320 367 0 822 1755 844 503 456 1473 1391 707 556 832 559 259 543 1643 1530 576
733 1080 682 981 1122 563 470 804 250 770 666 579 241 944 548 503 528 987 722 628 584 822 0 1137 165 1001 898 793 711 433 998 225 351 884 985 999 849 369
507 1995 1616 1583 178 1496 864 579 1325 1491 702 651 1036 349 660 813 1592 1589 533 1662 1619 1755 1137 0 1240 1807 1459 768 602 1496 1559 1299 1389 1756 1448 256 741 1406
836 1065 705 1003 1225 585 573 907 108 793 769 682 344 1047 651 606 407 1010 825 613 570 844 165 1240 0 1023 921 896 814 312 1021 176 337 907 1008 1103 953 355
1472 390 383 544 1885 495 1333 1543 971 677 1528 1318 1083 1708 1287 1304 650 550 1486 382 439 379 986 1876 972 0 461 1656 1512 779 562 905 678 219 548 1763 1651 695
1055 580 412 168 1469 431 990 1126 919 342 1195 901 977 1291 871 939 723 174 1069 573 555 456 898 1459 921 392 0 1261 1095 852 145 978 635 342 131 1346 1234 653
486 1751 1334 1384 670 1214 479 524 981 1293 360 577 610 493 546 520 1215 1391 271 1359 1315 1473 793 768 896 1608 1261 0 230 1119 1361 911 1082 1536 1249 548 268 1100
320 1630 1252 1218 504 1132 397 359 899 1127 194 411 527 327 380 438 1132 1225 105 1276 1233 1391 711 602 814 1442 1095 230 0 1037 1195 828 1000 1392 1083 382 202 1018
1092 872 531 935 1448 516 796 1164 310 724 992 938 587 1270 908 837 212 941 1048 420 377 707 433 1496 312 903 852 1119 1037 0 952 242 280 727 939 1325 1175 298
1155 680 513 268 1569 531 1090 1227 1020 443 1295 1001 1078 1391 971 1039 823 275 1170 673 655 556 998 1559 1021 492 145 1361 1195 952 0 1078 736 442 232 1447 1334 753
895 998 656 1060 1239 642 588 967 174 850 784 742 378 1062 711 629 337 1067 840 546 502 832 225 1299 176 1028 978 911 828 242 1078 0 403 852 1065 1117 967 421
985 771 420 718 1398 300 759 1056 336 507 955 831 530 1221 800 755 246 724 999 319 275 559 351 1389 337 738 635 1082 1000 280 736 403 0 621 722 1276 1139 60
1352 337 263 424 1766 375 1213 1423 905 557 1409 1198 963 1588 1168 1184 598 430 1366 330 387 259 884 1756 907 343 342 1536 1392 727 442 852 621 0 428 1644 1531 639
948 857 449 499 1362 468 884 1020 934 357 1089 795 983 1185 764 833 738 506 963 619 592 580 913 1353 935 723 417 1154 988 867 517 992 650 631 0 1240 1127 667
325 1882 1504 1470 307 1384 686 364 1188 1378 482 540 816 129 550 701 1421 1476 313 1550 1506 1643 999 256 1103 1694 1346 548 382 1325 1447 1117 1276 1644 1335 0 521 1294
459 1769 1391 1357 643 1271 536 497 1038 1266 332 550 666 466 519 577 1271 1364 244 1415 1372 1530 849 741 953 1581 1234 268 202 1175 1334 967 1139 1531 1222 521 0 1157
1002 789 437 736 1416 317 777 1074 353 525 973 849 548 1239 818 772 264 742 1017 337 293 576 369 1406 355 756 653 1100 1018 298 753 421 60 639 740 1294 1157 0
EOF
