NAME : tsp_problem
TYPE : TSP
DIMENSION : 30
EDGE_WEIGHT_TYPE : EXPLICIT
EDGE_WEIGHT_FORMAT : FULL_MATRIX
EDGE_WEIGHT_SECTION
0 147 118 463 1186 896 871 233 586 316 1040 345 1395 1233 1086 112 951 1138 923 1129 1063 550 410 872 417 288 843 1068 461 465
147 0 226 441 1175 847 860 341 575 424 1004 297 1384 1222 1074 220 902 1127 912 1094 1052 502 409 824 406 396 832 1057 413 442
118 226 0 542 1265 975 925 184 665 267 1119 424 1474 1312 1165 64 1030 1217 1002 1208 1142 629 362 951 380 239 922 1147 540 544
463 441 542 0 1017 637 1176 657 302 739 756 364 1111 1064 916 536 700 969 754 846 872 300 251 613 247 712 560 898 479 23
1186 1175 1265 1017 0 962 1900 1380 1083 1463 759 1313 699 360 134 1260 921 415 314 718 339 1038 975 904 971 1435 1022 559 1428 1019
896 847 975 637 962 0 1609 1090 573 1173 373 770 884 1009 861 969 168 752 813 418 644 447 709 80 705 1145 582 984 886 638
867 856 898 1172 1896 1605 0 810 1295 893 1749 1055 2105 1943 1795 893 1660 1848 1633 1839 1772 1260 1130 1582 1126 826 1553 1777 1170 1174
233 341 184 657 1380 1090 837 0 780 101 1234 539 1589 1427 1279 179 1145 1332 1117 1323 1257 744 477 1066 495 152 1037 1262 655 658
586 575 665 302 1083 573 1299 780 0 862 693 598 1048 1130 983 659 638 916 821 783 809 328 374 550 370 835 497 965 713 304
316 424 267 739 1463 1173 920 101 862 0 1316 622 1671 1509 1362 262 1227 1415 1200 1406 1339 827 557 1149 575 235 1120 1344 738 741
1040 1004 1119 756 759 373 1753 1234 693 1316 0 927 668 806 658 1113 253 549 610 186 441 604 828 316 824 1289 589 781 1043 758
162 114 241 402 1190 809 875 356 590 439 966 0 1345 1237 1089 235 864 1142 927 1055 1067 464 424 786 421 411 845 1072 374 404
1395 1384 1474 1111 699 884 2108 1589 1048 1671 668 1307 0 745 598 1469 781 320 549 583 434 960 1183 826 1180 1644 944 350 1422 1113
1233 1222 1312 1064 360 1009 1946 1427 1130 1509 806 1360 745 0 259 1307 968 462 360 765 386 1085 1021 951 1018 1482 1069 606 1475 1066
1086 1074 1165 916 134 861 1799 1279 983 1362 658 1212 598 259 0 1159 821 315 213 618 239 937 874 803 870 1335 921 458 1328 918
112 220 64 536 1260 969 919 179 659 262 1113 419 1469 1307 1159 0 1024 1212 997 1203 1136 624 356 946 375 234 917 1141 534 538
951 902 1030 700 921 168 1664 1145 638 1227 253 825 781 968 821 1024 0 711 772 298 604 511 773 110 769 1200 542 943 941 702
1133 1122 1212 963 415 752 1846 1327 916 1409 549 1175 320 462 315 1206 711 0 266 508 203 828 921 694 917 1382 812 286 1290 965
923 912 1002 754 314 813 1637 1117 821 1200 610 1050 549 360 213 997 772 266 0 569 190 783 712 755 708 1172 788 335 1165 756
1129 1094 1208 846 718 418 1843 1323 783 1406 186 1017 583 765 618 1203 298 508 569 0 401 694 918 360 914 1378 678 740 1132 848
1063 1052 1142 872 339 644 1776 1257 809 1339 441 1067 434 386 239 1136 604 203 190 401 0 720 851 586 847 1312 704 361 1183 874
550 502 629 300 1038 447 1264 744 328 827 604 425 960 1085 937 624 511 828 783 694 720 0 463 424 459 799 459 928 541 302
410 409 362 251 975 709 1134 477 374 557 828 547 1183 1021 874 356 773 927 712 918 851 463 0 685 87 532 632 856 662 253
872 824 951 613 904 80 1586 1066 550 1149 316 747 826 951 803 946 110 694 755 360 586 424 685 0 682 1121 524 926 863 615
417 406 380 247 971 705 1130 495 370 575 824 543 1180 1018 870 375 769 923 708 914 847 459 87 682 0 550 628 852 659 249
288 396 239 712 1435 1145 852 152 835 235 1289 594 1644 1482 1335 234 1200 1387 1172 1378 1312 799 532 1121 550 0 1092 1317 710 714
843 832 922 560 1022 582 1557 1037 497 1120 589 806 944 1069 921 917 542 812 788 678 704 459 632 524 628 1092 0 932 922 562
1068 1057 1147 898 559 984 1781 1262 965 1344 781 1194 350 606 458 1141 943 286 298 740 361 928 856 926 852 1317 932 0 1310 900
447 399 526 479 1428 886 1161 641 713 724 1043 310 1422 1475 1328 521 941 1290 1165 1132 1183 541 662 863 659 696 922 1310 0 481
465 442 544 23 1019 638 1178 658 304 741 758 365 1113 1066 918 538 702 971 756 848 874 302 253 615 249 714 562 900 481 0
EOF