NAME : tsp_problem
TYPE : TSP
DIMENSION : 36
EDGE_WEIGHT_TYPE : EXPLICIT
EDGE_WEIGHT_FORMAT : FULL_MATRIX
EDGE_WEIGHT_SECTION
0 1313 1123 1403 434 1123 835 807 934 384 833 1142 1252 387 1231 1246 1273 1302 1128 1195 982 661 554 1083 652 1278 1100 1089 1202 399 645 1307 596 1209 1191 386
1313 0 308 588 1244 529 893 984 727 993 592 307 437 997 296 431 191 284 428 526 561 1170 1364 616 1462 220 346 323 533 1009 1427 109 754 208 352 995
1123 308 0 593 1269 263 627 718 460 905 326 282 443 908 134 436 176 544 146 244 294 1196 1389 349 1488 480 351 229 251 920 1452 369 833 213 94 906
1403 588 593 0 1334 614 978 1069 812 1084 677 392 299 1087 669 292 605 752 619 708 645 1260 1454 701 1552 728 357 408 715 1099 1517 622 845 407 637 1085
447 1244 1269 1334 0 1269 1019 902 1104 541 980 1126 1183 544 1377 1177 1340 1234 1274 1363 1153 298 191 1253 289 1210 1031 1142 1370 556 282 1238 527 1142 1337 543
1123 529 263 614 1269 0 441 717 343 904 325 281 463 907 360 457 412 738 169 124 177 1195 1389 117 1487 674 372 228 131 919 1452 563 844 348 287 906
835 893 627 978 1019 441 0 510 260 687 337 646 827 690 734 821 776 1102 550 504 369 979 1139 357 1237 1038 736 593 511 702 1229 927 637 712 668 688
807 984 718 1069 902 717 510 0 552 537 428 736 918 541 825 912 867 997 722 811 601 828 1022 701 1120 973 794 683 818 553 1085 1002 478 803 785 539
934 727 460 812 1104 343 260 552 0 739 301 479 661 743 568 654 609 936 452 407 194 1030 1224 275 1322 872 569 426 413 755 1287 761 680 546 527 741
384 993 905 1084 541 904 687 537 739 0 615 876 933 22 1012 926 1054 983 909 998 788 467 661 888 759 959 780 870 1005 34 724 988 277 892 972 20
833 592 326 677 980 325 337 428 301 615 0 345 526 618 433 520 475 801 330 419 253 906 1100 310 1198 737 435 291 426 630 1162 626 555 411 393 616
1142 307 282 392 1126 281 646 736 479 876 345 0 241 879 387 234 323 516 286 375 313 1053 1246 368 1345 451 149 75 382 891 1309 341 637 126 349 877
1252 437 443 299 1183 463 827 918 661 933 526 241 0 936 518 55 454 601 468 557 495 1109 1303 550 1401 577 206 257 564 948 1366 471 694 256 486 934
387 997 908 1087 544 907 690 541 743 22 618 879 936 0 1016 930 1057 986 912 1001 791 470 664 892 762 962 783 874 1008 37 727 991 280 895 975 23
1231 296 134 669 1377 360 734 825 568 1012 433 387 518 1016 0 512 164 532 253 310 402 1303 1497 417 1595 468 426 337 317 1028 1560 357 908 289 103 1014
1246 431 436 292 1177 457 821 912 654 926 520 234 55 930 512 0 448 595 462 551 488 1103 1297 544 1395 571 199 250 558 942 1360 465 687 250 480 928
1273 191 176 605 1334 412 776 867 609 1054 475 323 454 1057 164 448 0 400 295 393 443 1260 1454 499 1552 336 362 327 400 1069 1517 225 844 225 219 1056
1248 189 450 661 1179 644 1008 943 841 929 707 421 510 932 438 504 305 0 569 667 675 1105 1299 730 1397 155 357 437 674 944 1362 184 690 322 493 930
1128 428 146 619 1274 169 550 722 452 909 330 286 468 912 253 462 295 663 0 119 286 1200 1394 226 1492 599 377 233 126 924 1457 488 849 332 201 911
1195 526 244 708 1363 124 504 811 407 998 419 375 557 1001 310 551 393 762 119 0 240 1289 1483 181 1581 697 465 322 81 1013 1546 587 938 430 237 999
982 561 294 645 1153 177 369 601 194 788 253 313 495 791 402 488 443 770 286 240 0 1079 1273 128 1371 705 403 260 247 803 1335 595 728 379 361 789
675 1170 1196 1260 298 1195 979 828 1030 467 906 1053 1109 470 1303 1103 1266 1160 1200 1289 1079 0 418 1179 517 1136 957 1069 1296 483 355 1164 454 1068 1263 469
567 1364 1389 1454 191 1389 1139 1022 1224 661 1100 1246 1303 664 1497 1297 1460 1354 1394 1483 1273 418 0 1373 167 1330 1151 1262 1490 676 199 1358 647 1262 1457 663
1083 616 349 701 1253 117 357 701 275 888 310 368 550 892 417 544 499 825 226 181 128 1179 1373 0 1471 761 458 315 187 904 1436 650 829 435 344 890
665 1462 1488 1552 289 1487 1237 1120 1322 759 1198 1345 1401 762 1595 1395 1558 1452 1492 1581 1371 517 167 1471 0 1428 1249 1361 1588 774 291 1456 746 1360 1555 761
1124 365 370 534 1055 542 906 819 740 805 605 320 383 808 446 377 382 473 489 588 573 981 1175 629 1273 0 231 336 594 820 1238 399 566 221 414 806
1100 346 351 357 1031 372 736 794 569 780 435 149 206 783 426 199 362 449 377 465 403 957 1151 458 1249 425 0 165 472 795 1214 380 541 165 394 782
1089 323 229 408 1142 228 593 683 426 870 291 75 257 874 337 250 327 532 233 322 260 1069 1262 315 1361 467 165 0 329 886 1325 357 653 142 296 872
1202 533 251 715 1370 131 511 818 413 1005 426 382 564 1008 317 558 400 768 126 81 247 1296 1490 187 1588 704 472 329 0 1020 1552 593 945 437 244 1006
399 1009 920 1099 556 919 702 553 755 34 630 891 948 37 1028 942 1069 998 924 1013 803 483 676 904 774 974 795 886 1020 0 739 1003 292 907 987 35
658 1427 1452 1517 282 1452 1229 1085 1287 724 1162 1309 1366 727 1560 1360 1523 1416 1457 1546 1335 355 199 1436 291 1392 1214 1325 1552 739 0 1421 710 1325 1520 725
1539 373 442 944 1600 678 1042 1133 875 1320 741 662 793 1323 430 787 378 640 561 659 709 1526 1720 765 1818 575 701 644 666 1335 1782 0 1110 564 485 1322
596 754 839 845 527 844 637 478 680 277 555 637 694 280 914 687 850 744 849 938 728 454 647 829 746 720 541 653 945 292 710 749 0 652 882 278
1209 208 213 407 1142 348 712 803 546 892 411 126 256 895 289 250 225 417 332 430 379 1068 1262 435 1360 353 165 142 437 907 1325 242 652 0 257 893
1191 352 94 637 1337 287 668 785 527 972 393 349 486 975 103 480 219 588 201 237 361 1263 1457 344 1555 524 394 296 244 987 1520 413 876 257 0 974
386 995 906 1085 543 906 688 539 741 20 616 877 934 23 1014 928 1056 985 911 999 789 469 663 890 761 961 782 872 1006 35 725 989 278 893 974 0
EOF