NAME : tsp_problem
TYPE : TSP
DIMENSION : 34
EDGE_WEIGHT_TYPE : EXPLICIT
EDGE_WEIGHT_FORMAT : FULL_MATRIX
EDGE_WEIGHT_SECTION
0 997 535 587 237 43 775 817 776 1046 1028 1071 577 712 769 536 804 679 855 283 720 1129 1028 1524 483 331 401 894 588 939 803 237 823 270
993 0 1248 1334 1073 981 397 1531 569 525 1741 1784 1125 332 390 513 500 656 460 1081 469 586 1741 1302 969 1168 949 1607 565 373 624 847 1570 1068
535 1022 0 428 615 523 968 495 1116 1071 569 611 625 1052 974 877 1144 1020 1196 332 906 1431 571 1549 795 710 733 437 870 1218 1144 572 664 319
587 1238 428 0 667 575 1117 391 1096 1287 750 788 445 1053 1111 878 1145 999 1197 434 1061 1471 638 1765 689 762 673 504 930 1281 1123 536 345 420
237 1078 615 667 0 225 856 898 856 1127 1109 1151 657 792 849 617 884 760 936 363 800 1210 1108 1604 564 127 481 974 669 1020 884 318 903 350
43 986 523 575 225 0 764 806 764 1034 1016 1059 565 700 757 524 792 668 843 271 708 1118 1016 1512 472 320 389 882 576 927 792 225 811 258
775 300 962 1117 856 764 0 1245 381 349 1456 1498 908 102 32 259 312 439 272 864 111 546 1455 1127 752 951 732 1321 248 345 436 630 1353 851
817 1305 495 391 898 806 1251 0 1377 1354 627 664 726 1335 1257 1159 1427 1281 1478 615 1189 1714 514 1832 971 993 954 380 1153 1501 1405 817 497 602
776 642 1116 1096 856 764 381 1377 0 691 1610 1652 740 303 374 296 132 177 185 864 367 459 1610 1468 490 951 578 1476 348 271 79 630 1331 851
954 437 1209 1295 1034 942 358 1492 530 0 1703 1745 1087 293 352 474 461 618 422 1042 431 548 1703 1264 931 1129 911 1569 526 335 585 808 1531 1029
1028 1516 569 750 1109 1016 1461 627 1610 1565 0 61 1086 1546 1468 1370 1638 1513 1689 826 1399 1925 189 1915 1288 1203 1227 346 1364 1712 1637 1066 857 812
1071 1558 611 788 1151 1059 1504 664 1652 1607 61 0 1124 1588 1510 1413 1680 1556 1732 868 1442 1967 168 1894 1331 1246 1269 389 1406 1754 1680 1108 894 855
577 1147 625 445 657 565 908 726 740 1195 1086 1124 0 844 902 669 848 644 901 490 852 1175 974 1881 270 752 265 840 721 987 768 395 681 477
712 381 1046 1053 792 700 102 1329 303 430 1540 1582 844 0 95 232 235 375 195 800 174 469 1540 1208 689 887 668 1406 284 279 358 566 1289 787
769 307 968 1111 849 757 32 1251 374 355 1462 1504 902 95 0 253 305 433 265 857 104 540 1462 1133 746 944 726 1328 242 338 429 623 1346 845
536 498 877 878 617 524 259 1159 296 547 1370 1413 669 232 253 0 324 200 376 625 204 650 1370 1232 513 711 493 1236 72 460 324 390 1114 612
804 573 1144 1145 884 792 312 1427 132 622 1638 1680 848 235 305 324 0 285 116 892 298 390 1638 1399 598 979 685 1503 376 202 187 658 1381 879
679 677 1020 999 760 668 439 1281 177 726 1513 1556 644 375 433 200 285 0 338 768 383 612 1513 1412 394 855 481 1379 252 424 205 534 1235 755
855 533 1196 1197 936 843 272 1478 185 582 1689 1732 901 195 265 376 116 338 0 944 344 308 1689 1359 651 1030 738 1555 428 163 240 709 1432 931
283 1014 332 434 363 271 864 615 864 1063 826 868 490 800 857 625 892 768 944 0 808 1218 826 1541 543 458 481 692 677 1028 892 320 670 97
720 332 900 1061 800 708 111 1183 367 381 1393 1436 852 174 104 204 298 383 344 808 0 618 1393 1159 697 895 677 1259 193 417 422 574 1297 795
1159 666 1438 1500 1239 1147 564 1720 491 715 1931 1974 1207 498 558 679 422 644 382 1247 637 0 1931 1492 957 1334 1044 1797 731 295 546 1013 1736 1234
1028 1516 571 638 1108 1016 1461 514 1610 1565 189 168 974 1545 1468 1370 1638 1513 1689 826 1399 1925 0 1744 1219 1203 1202 345 1364 1711 1637 1065 744 812
1524 1077 1549 1765 1604 1512 1127 1832 1468 1126 1893 1872 1881 1208 1133 1232 1399 1412 1359 1541 1159 1486 1722 0 1725 1699 1705 1908 1182 1273 1523 1567 2001 1528
483 991 795 689 564 472 752 971 490 1039 1288 1331 270 689 746 513 598 394 651 543 697 925 1219 1725 0 659 107 1085 565 737 518 338 925 530
331 1172 710 762 127 320 951 993 951 1221 1203 1246 752 887 944 711 979 855 1030 458 895 1304 1203 1699 659 0 576 1069 763 1114 978 412 998 445
401 971 733 673 481 389 732 954 578 1019 1227 1269 265 668 726 493 685 481 738 481 677 1013 1202 1705 107 576 0 1068 545 825 605 255 908 468
894 1382 437 504 974 882 1327 380 1476 1430 346 389 840 1411 1334 1236 1503 1379 1555 692 1265 1791 345 1908 1085 1069 1068 0 1229 1577 1503 931 610 678
588 447 870 930 669 576 248 1153 348 496 1364 1406 721 284 242 72 376 252 428 677 193 702 1364 1182 565 763 545 1229 0 512 376 442 1166 664
939 446 1218 1281 1020 927 345 1501 271 495 1712 1754 987 279 338 460 202 424 163 1028 417 245 1711 1273 737 1114 825 1577 512 0 326 793 1517 1015
803 697 1144 1123 884 792 436 1405 79 746 1637 1680 768 358 429 324 187 205 240 892 422 514 1637 1523 518 978 605 1503 376 326 0 658 1359 879
237 868 572 536 318 225 630 817 630 917 1066 1108 395 566 623 390 658 534 709 320 574 984 1065 1567 338 412 255 931 442 793 658 0 771 308
823 1474 664 345 903 811 1353 483 1331 1523 843 881 681 1289 1346 1114 1381 1235 1432 670 1297 1707 731 2001 925 998 908 597 1166 1517 1359 771 0 656
270 1001 319 420 350 258 851 602 851 1050 812 855 477 787 845 612 879 755 931 97 795 1205 812 1528 530 445 468 678 664 1015 879 308 656 0
EOF