NAME : tsp_problem
TYPE : TSP
DIMENSION : 29
EDGE_WEIGHT_TYPE : EXPLICIT
EDGE_WEIGHT_FORMAT : FULL_MATRIX
EDGE_WEIGHT_SECTION
0 1414 2046 687 219 1155 961 1440 825 1616 1063 1875 1610 1601 930 1242 1259 1501 521 1055 1089 1537 1620 1226 1607 908 1347 886 357
1414 0 820 797 1369 630 890 460 1116 615 636 660 478 222 1675 790 794 521 928 912 916 245 620 835 367 1685 957 1177 1237
2045 830 0 1428 2000 1035 1339 802 1593 841 1267 343 686 1017 2306 1178 1182 863 1558 1318 1308 629 846 1241 781 2316 1362 1654 1868
687 797 1429 0 644 538 344 823 514 998 446 1258 993 984 1073 638 642 884 201 476 510 920 1003 609 990 1083 730 575 512
219 1369 2001 644 0 1109 916 1395 672 1512 1018 1830 1565 1556 778 1090 1190 1456 478 903 937 1492 1517 1180 1562 756 1302 733 205
1155 630 1013 538 1109 0 387 369 604 544 496 865 912 816 1415 275 279 430 669 328 332 574 549 343 800 1425 464 665 977
961 890 1317 344 916 387 0 673 549 848 539 1169 1086 1077 1223 487 491 734 475 350 544 877 852 458 1083 1233 579 610 784
1440 460 779 823 1395 369 673 0 903 226 728 632 743 647 1702 426 430 111 954 651 556 404 230 575 631 1712 696 964 1263
811 1116 1572 514 659 604 549 903 0 1007 765 1423 1312 1303 965 585 685 964 519 398 432 1132 1012 764 1309 975 885 203 527
1616 615 818 998 1512 544 848 226 1007 0 903 672 897 802 1819 575 471 287 1129 800 661 559 35 750 786 1829 871 1068 1380
1063 636 1268 446 1018 496 539 728 765 903 0 1097 833 823 1325 707 711 789 577 570 761 759 908 513 830 1335 635 826 886
1875 660 216 1258 1830 865 1169 632 1423 672 1097 0 516 847 2136 1008 1012 693 1389 1148 1139 459 676 1071 611 2146 1192 1485 1698
1610 478 687 993 1565 912 1086 743 1312 897 833 516 0 665 1872 1072 1076 804 1124 1117 1198 376 902 1060 347 1882 1182 1373 1433
1601 222 1006 984 1556 816 1077 647 1303 802 823 847 665 0 1862 977 981 708 1115 1099 1103 432 807 1022 554 1872 1144 1364 1424
969 1745 2214 1143 816 1485 1292 1771 1048 1888 1394 2189 1941 1932 0 1466 1565 1832 1076 1279 1313 1868 1893 1556 1938 978 1678 1109 803
1242 790 1154 638 1090 275 487 426 585 575 707 1008 1072 977 1396 0 207 487 769 428 238 734 580 565 961 1406 686 646 958
1259 794 1158 642 1190 279 491 430 685 471 711 1012 1076 981 1496 207 0 491 773 432 338 738 476 569 965 1506 690 746 1058
1501 521 840 884 1456 430 734 111 964 287 789 693 804 708 1763 487 491 0 1015 712 617 466 291 636 692 1773 757 1025 1324
521 928 1560 201 478 669 475 954 532 1129 577 1389 1124 1115 1031 769 773 1015 0 606 641 1051 1134 739 1121 1015 861 593 346
1055 912 1296 476 903 328 350 651 398 800 570 1148 1117 1099 1209 428 432 712 606 0 316 856 805 488 1083 1219 610 459 771
1089 916 1285 510 937 332 544 556 432 661 761 1139 1198 1103 1244 238 338 617 641 316 0 860 665 629 1087 1253 751 493 805
1531 245 619 914 1486 574 877 404 1132 559 754 459 376 432 1793 734 738 466 1045 856 860 0 564 779 265 1803 901 1193 1354
1620 620 823 1003 1517 549 852 230 1012 35 908 676 902 807 1823 580 476 291 1134 805 665 564 0 754 791 1833 876 1073 1385
1226 835 1219 609 1180 343 458 575 764 750 513 1071 1060 1022 1487 565 569 636 739 488 629 779 754 0 1006 1497 168 825 1049
1378 300 839 761 1333 800 854 631 1080 786 600 680 498 487 1639 961 965 692 892 884 1076 265 791 828 0 1649 949 1141 1201
882 1682 2314 1079 729 1421 1229 1708 985 1825 1331 2142 1878 1869 969 1402 1502 1769 989 1215 1250 1805 1830 1493 1875 0 1615 1046 716
1347 957 1341 730 1302 464 579 696 885 871 635 1192 1182 1144 1608 686 690 757 861 610 751 901 876 168 1128 1618 0 946 1170
682 1034 1651 432 530 683 581 983 247 1087 683 1495 1230 1221 836 664 764 1044 390 478 512 1157 1092 843 1228 846 965 0 398
357 1237 1869 512 205 977 784 1263 540 1380 886 1698 1433 1424 764 958 1058 1324 346 771 805 1360 1385 1049 1430 742 1170 601 0
EOF
