NAME : tsp_problem
TYPE : TSP
DIMENSION : 38
EDGE_WEIGHT_TYPE : EXPLICIT
EDGE_WEIGHT_FORMAT : FULL_MATRIX
EDGE_WEIGHT_SECTION
0 405 783 1064 408 511 325 748 876 306 724 404 473 908 474 1043 465 270 1880 92 867 975 1109 1017 277 967 925 1090 312 533 331 915 301 899 750 1641 646 1668
405 0 539 820 286 202 394 503 631 230 479 307 341 664 132 798 535 340 1701 405 622 731 930 772 229 723 681 912 369 401 549 671 202 654 506 1462 401 1490
783 539 0 785 398 608 901 68 566 737 444 423 385 629 537 763 1042 846 1627 783 359 696 915 711 735 688 646 896 591 446 747 502 509 500 209 1446 183 1474
1064 820 785 0 873 889 1053 736 403 1017 416 895 928 429 818 202 1055 985 1124 1064 463 180 353 354 1016 142 183 334 1016 989 1206 511 790 426 602 885 626 912
408 286 398 873 0 355 568 363 685 419 533 48 87 717 284 852 709 513 1774 408 643 784 1003 826 418 776 734 984 285 147 441 691 134 686 481 1534 376 1562
511 202 608 889 355 0 422 573 701 257 549 377 410 733 92 861 562 367 1628 511 692 800 857 842 256 792 750 838 495 471 675 740 272 724 575 1388 470 1416
325 394 901 1053 568 422 0 866 994 217 842 564 633 968 385 943 295 100 1710 325 985 964 939 1057 187 956 914 920 472 693 490 1033 461 1017 868 1471 763 1498
748 503 68 736 363 573 866 0 531 701 396 388 350 580 502 715 1006 811 1592 748 324 647 866 676 700 639 597 847 556 410 711 467 474 465 174 1397 147 1425
876 631 566 403 685 701 994 531 0 829 190 706 739 430 630 382 1108 939 1156 876 233 314 530 318 828 306 264 511 827 799 1018 156 602 89 409 1029 434 1018
306 230 737 1017 419 257 217 701 829 0 677 415 484 861 221 932 357 162 1699 306 820 929 929 970 51 921 879 910 328 545 472 869 313 852 704 1460 599 1488
724 479 444 416 533 549 842 396 190 677 0 554 588 278 478 394 975 787 1316 724 249 327 546 331 676 319 277 527 675 649 866 298 450 213 261 1077 286 1105
404 307 423 895 48 377 564 388 706 415 554 0 112 739 306 873 705 509 1796 404 668 806 1025 847 414 798 756 1006 263 173 453 717 155 711 506 1556 401 1584
473 341 385 928 87 410 633 350 739 484 588 112 0 772 340 907 773 578 1829 473 630 840 1058 881 483 831 790 1040 280 123 435 678 198 673 468 1590 363 1618
908 664 629 429 717 733 968 580 430 861 278 739 772 0 662 408 970 900 1330 908 482 340 559 433 860 332 290 540 860 833 1050 530 634 453 446 1091 470 1119
474 132 537 818 284 92 385 502 630 221 478 306 340 662 0 797 526 330 1591 474 621 729 820 771 219 721 679 801 427 400 618 669 201 653 504 1352 400 1380
1043 798 763 202 852 861 943 715 382 938 394 873 907 408 797 0 945 875 958 1043 442 159 187 332 937 120 162 168 994 968 1185 455 768 405 580 718 605 746
345 415 921 975 588 442 175 886 1014 237 862 584 653 890 405 865 0 107 1632 345 1005 886 861 979 208 878 836 842 492 714 511 1053 482 1037 888 1392 784 1420
270 340 846 985 513 367 100 811 939 162 787 509 578 900 330 875 227 0 1642 270 930 896 871 989 132 888 846 852 417 638 435 978 406 962 813 1403 708 1430
1876 1697 1624 1120 1770 1624 1706 1589 1152 1702 1312 1792 1826 1326 1587 954 1708 1638 0 1876 1335 1077 950 1081 1700 1039 1080 841 1913 1886 2042 1188 1687 1216 1499 862 1523 661
92 405 783 1064 408 511 325 748 876 306 724 404 473 908 474 1043 465 270 1880 0 867 975 1109 1017 277 967 925 1090 312 533 331 915 301 899 750 1641 646 1668
867 622 359 463 643 692 985 324 233 820 249 668 630 482 621 442 1125 930 1339 867 0 374 593 378 819 366 324 574 818 691 991 173 592 167 301 1124 325 1152
975 731 696 180 784 800 964 647 314 929 327 806 840 340 729 159 966 896 1081 975 374 0 310 265 927 83 96 291 927 900 1117 422 701 337 513 841 537 869
1109 930 915 353 1003 857 939 866 530 934 546 1025 1058 559 820 187 941 871 954 1109 593 310 0 458 933 272 313 164 1146 1119 1275 565 920 556 732 603 756 631
1017 772 711 354 826 842 1057 676 318 970 331 847 881 433 771 332 1059 989 1084 1017 378 265 458 0 969 257 215 439 968 942 1159 366 743 341 554 957 578 947
277 229 735 1016 418 256 187 700 828 51 676 414 483 860 219 931 328 132 1698 277 819 927 927 969 0 919 877 908 326 543 443 867 311 851 702 1459 597 1486
967 723 688 142 776 792 956 639 306 921 319 798 831 332 721 120 958 888 1043 967 366 83 272 257 919 0 86 253 919 892 1109 414 693 329 505 803 529 831
925 681 646 183 734 750 914 597 264 879 277 756 790 290 679 162 916 846 1084 925 324 96 313 215 877 86 0 295 877 850 1067 372 651 287 463 845 487 873
1090 912 896 334 984 838 920 847 511 916 527 1006 1040 540 801 168 922 852 845 1090 574 291 164 439 914 253 295 0 1127 1100 1256 546 901 537 713 696 737 707
312 369 591 1016 285 495 472 556 827 328 675 263 280 860 427 994 612 417 1917 312 818 927 1146 968 326 919 877 1127 0 341 237 867 253 850 674 1677 569 1705
533 401 446 989 147 471 693 410 799 545 649 173 123 833 400 968 834 638 1890 533 691 900 1119 942 543 892 850 1100 341 0 496 739 259 733 528 1650 423 1678
331 549 747 1206 441 675 490 711 1018 472 866 453 435 1050 618 1185 631 435 2046 331 991 1117 1275 1159 443 1109 1067 1256 237 496 0 1040 443 1034 829 1806 724 1834
915 671 502 511 691 740 1033 467 156 869 298 717 678 530 669 455 1174 978 1191 915 173 422 565 366 867 414 372 546 867 739 1040 0 641 108 349 1064 374 1054
301 202 509 790 134 272 461 474 602 313 450 155 198 634 201 768 602 406 1691 301 592 701 920 743 311 693 651 901 253 259 443 641 0 625 476 1451 371 1479
899 654 500 426 686 724 1017 465 89 852 213 711 673 453 653 405 1131 962 1220 899 167 337 556 341 851 329 287 537 850 733 1034 108 625 0 343 1087 368 1082
750 506 209 602 481 575 868 174 409 704 261 506 468 446 504 580 1009 813 1503 750 301 513 732 554 702 505 463 713 674 528 829 349 476 343 0 1263 163 1291
1641 1462 1446 885 1534 1388 1471 1397 1029 1466 1077 1556 1590 1091 1352 718 1473 1403 889 1641 1124 841 603 957 1465 803 845 696 1677 1650 1806 1064 1451 1087 1263 0 1288 225
646 401 183 626 376 470 763 147 434 599 286 401 363 470 400 605 904 708 1527 646 325 537 756 578 597 529 487 737 569 423 724 374 371 368 163 1288 0 1316
1668 1490 1474 912 1562 1416 1498 1425 1018 1494 1105 1584 1618 1119 1380 746 1500 1430 688 1668 1152 869 631 947 1492 831 873 707 1705 1678 1834 1054 1479 1082 1291 225 1316 0
EOF