NAME : tsp_problem
TYPE : TSP
DIMENSION : 46
EDGE_WEIGHT_TYPE : EXPLICIT
EDGE_WEIGHT_FORMAT : FULL_MATRIX
EDGE_WEIGHT_SECTION
0 225 712 745 854 607 626 116 594 579 637 768 915 380 339 294 504 872 449 910 340 549 823 194 627 339 245 463 1094 567 287 475 1093 642 726 507 550 661 461 490 282 888 856 548 563 882
225 0 728 760 982 428 448 282 486 550 459 896 932 202 505 460 631 1001 292 926 244 715 715 209 794 368 345 433 1110 734 443 297 1133 724 893 523 716 553 303 657 449 709 872 715 730 1018
712 728 0 147 604 1109 1129 769 1168 1035 1140 518 633 883 714 919 890 623 973 628 925 714 1397 571 707 992 899 1060 851 842 903 978 832 346 741 253 824 1234 985 865 719 1391 613 823 772 640
745 760 147 0 637 1142 1162 802 1200 1067 1173 551 666 916 746 952 923 655 1006 660 958 747 1429 604 740 1025 931 1093 884 874 936 1011 865 379 773 285 857 1267 1017 898 751 1423 645 855 805 673
854 976 604 637 0 1337 1357 806 1181 976 1267 117 299 1111 655 860 831 70 1087 294 978 587 1410 820 508 976 883 1001 432 642 844 1206 262 386 541 507 625 1248 1098 790 660 1619 528 623 572 140
607 428 1109 1142 1337 0 260 652 329 532 111 1251 1314 278 806 777 613 1356 445 1308 407 1008 429 591 1015 531 508 415 1492 954 568 460 1515 1106 1114 905 937 267 429 794 726 430 1254 899 951 1365
626 448 1129 1162 1357 260 0 671 509 711 290 1270 1333 385 841 796 792 1375 475 1328 427 1051 608 611 1130 551 528 594 1511 1070 626 302 1534 1125 1228 924 1052 446 487 875 783 325 1273 1025 1066 1385
116 282 769 802 806 652 671 0 546 531 633 720 867 425 290 246 456 824 401 862 292 501 775 251 579 291 197 415 1089 519 239 520 1045 594 678 565 501 613 412 442 234 933 914 500 515 834
594 486 1168 1200 1181 329 509 546 0 375 259 1094 1242 423 649 671 456 1199 288 1237 351 851 402 649 858 475 452 258 1463 797 412 518 1419 968 957 963 780 240 273 637 569 678 1312 742 794 1208
579 550 1035 1067 976 532 711 531 375 0 462 889 1037 487 370 604 177 994 351 1032 415 571 604 713 579 537 444 191 1258 518 367 582 1202 764 678 938 501 442 336 358 364 881 1224 463 514 987
637 459 1140 1173 1267 111 290 633 259 462 0 1181 1329 309 736 758 543 1286 375 1323 438 938 459 622 945 562 539 345 1523 884 498 491 1506 1055 1044 935 867 297 359 724 656 460 1284 829 881 1295
768 890 518 551 117 1251 1270 720 1094 889 1181 0 217 1024 568 773 745 136 1001 212 892 569 1323 733 562 890 796 915 438 696 758 1119 356 299 595 421 679 1161 1012 720 573 1532 446 677 627 237
915 932 633 666 299 1314 1333 867 1242 1037 1329 217 0 1087 716 921 893 250 1148 90 1040 717 1471 775 710 1038 944 1062 240 844 905 1182 366 434 743 536 827 1309 1160 867 721 1595 394 825 774 417
380 202 883 916 1111 278 385 425 423 487 309 1024 1087 0 595 550 568 1129 229 1082 181 805 626 365 884 305 282 370 1265 824 380 234 1288 879 982 678 806 464 241 629 537 590 1027 779 820 1139
339 505 714 746 655 806 841 290 649 370 736 568 716 595 0 344 220 673 571 711 463 293 878 474 372 461 367 465 937 312 328 690 894 443 470 617 294 716 583 195 144 1103 903 256 308 682
294 460 919 952 860 777 796 246 671 604 758 773 921 550 344 0 521 878 526 916 418 554 900 429 633 416 322 540 1142 573 365 645 1099 648 731 743 555 738 538 496 288 1058 1092 554 569 888
504 631 890 923 831 613 792 456 456 177 543 745 893 568 220 521 0 850 433 887 464 422 685 639 475 462 368 272 1114 414 292 663 1053 619 573 793 396 523 417 209 288 962 1080 358 410 838
872 995 623 655 70 1356 1375 824 1199 994 1286 136 250 1129 673 878 850 0 1105 245 997 637 1428 838 557 995 901 1019 412 691 862 1224 242 404 590 526 674 1266 1117 824 678 1637 479 672 621 189
449 292 973 1006 1087 445 475 401 288 351 375 1001 1148 229 571 526 433 1105 0 1143 157 781 517 455 835 281 258 235 1356 774 356 324 1326 875 934 768 757 355 105 605 513 737 1117 719 770 1115
910 926 628 660 294 1308 1328 862 1237 1032 1323 212 90 1082 711 916 887 245 1143 0 1034 711 1466 770 704 1033 939 1057 259 839 900 1177 361 429 738 531 821 1304 1154 862 716 1590 388 820 769 412
340 244 925 958 978 407 427 292 351 415 438 892 1040 181 463 418 464 997 157 1034 0 673 580 407 751 172 149 298 1261 691 247 276 1217 766 850 720 674 418 168 497 405 689 1069 646 688 1006
549 715 714 747 587 1008 1051 501 851 571 938 569 717 805 293 554 422 637 781 711 673 0 1080 684 101 671 577 667 938 170 538 900 788 443 199 617 153 918 793 321 354 1313 904 151 101 573
823 715 1397 1429 1410 415 594 775 402 604 446 1323 1471 613 878 900 685 1428 517 1466 580 1080 0 878 1087 704 681 488 1692 1026 641 747 1648 1198 1186 1192 1009 314 502 866 798 764 1541 971 1023 1437
194 209 571 604 825 591 611 251 649 713 622 739 775 365 474 429 639 844 455 770 407 684 878 0 763 474 380 596 953 702 423 460 976 567 861 366 685 716 466 625 418 873 715 683 699 861
627 794 707 740 508 1015 1130 579 858 579 945 562 710 884 372 633 475 557 835 704 751 101 1087 763 0 749 656 674 879 155 590 979 708 436 120 610 138 925 819 305 433 1364 897 136 85 493
339 368 992 1025 976 531 551 291 475 537 562 890 1038 305 461 416 462 995 281 1033 172 671 704 474 749 0 148 421 1259 689 245 400 1215 764 848 788 672 542 292 495 403 813 1137 645 686 1004
245 345 899 931 883 508 528 197 452 444 539 796 944 282 367 322 368 901 258 939 149 577 681 380 656 148 0 327 1165 596 152 377 1122 671 754 694 578 519 269 401 309 790 1043 551 592 910
463 433 1060 1093 1001 415 594 415 258 191 345 915 1062 370 465 540 272 1019 235 1057 298 667 488 596 674 421 327 0 1284 613 280 465 1240 789 773 910 596 325 220 453 389 764 1249 558 610 1029
1014 1054 753 786 183 1436 1455 966 1341 1123 1427 277 287 1209 815 1020 974 163 1247 282 1138 709 1570 897 630 1136 1043 1161 0 764 1004 1304 211 534 663 656 746 1408 1258 912 820 1717 516 745 694 262
567 734 842 874 642 954 1070 519 797 518 884 696 844 824 312 573 414 691 774 839 691 170 1026 702 155 689 596 613 1013 0 529 919 843 570 254 745 77 864 758 244 372 1303 1031 75 91 628
287 443 903 936 844 568 626 239 412 367 498 758 905 380 328 365 292 862 356 900 247 538 641 423 590 245 152 280 1127 529 0 475 1083 632 689 736 512 478 367 324 232 888 1085 474 526 872
475 297 978 1011 1206 460 302 520 518 582 491 1119 1182 234 690 645 663 1224 324 1177 276 900 747 460 979 400 377 465 1360 919 475 0 1383 974 1077 773 901 585 336 724 632 564 1122 874 915 1234
1168 1208 907 940 337 1589 1609 1120 1494 1277 1581 431 441 1363 968 1174 1127 317 1401 435 1292 863 1723 1051 783 1290 1196 1315 196 917 1158 1458 0 688 817 810 900 1561 1412 1065 973 1871 670 898 848 416
642 724 346 379 386 1106 1125 594 968 764 1055 299 434 879 443 648 619 404 875 429 766 443 1198 567 436 764 671 789 656 570 632 974 613 0 470 249 553 1035 886 594 448 1387 493 551 501 414
726 893 741 773 541 1114 1228 678 957 678 1044 595 743 982 470 731 573 590 934 738 850 199 1186 861 120 848 754 773 912 254 689 1077 742 470 0 644 236 1024 918 404 531 1463 930 235 184 527
507 523 253 285 507 905 924 565 963 938 935 421 536 678 617 743 793 526 768 531 720 617 1192 366 610 788 694 910 754 745 736 773 735 249 644 0 727 1030 780 768 622 1186 516 726 675 543
550 716 824 857 625 937 1052 501 780 501 867 679 827 806 294 555 396 674 757 821 674 153 1009 685 138 672 578 596 996 77 512 901 825 553 236 727 0 847 741 227 355 1286 1013 58 73 610
653 474 1155 1188 1330 126 306 695 322 524 157 1243 1359 324 798 820 605 1348 437 1354 453 1000 421 637 1007 577 554 408 1538 946 561 506 1561 1118 1106 950 929 0 422 786 718 475 1300 891 943 1357
461 303 985 1017 1098 429 487 412 273 336 359 1012 1160 241 583 538 417 1117 105 1154 168 793 502 466 819 292 269 220 1367 758 367 336 1337 886 918 780 741 340 0 598 525 748 1129 703 755 1126
490 657 865 898 790 794 875 442 637 358 724 720 867 629 195 496 209 824 605 862 497 321 866 625 305 495 401 453 1088 244 324 724 990 594 404 768 227 704 598 0 295 1137 1054 189 241 775
282 449 719 751 660 726 783 234 569 364 656 573 721 537 144 288 288 678 513 716 405 354 798 418 433 403 309 389 942 372 232 632 899 448 531 622 355 636 525 295 0 1045 908 354 369 687
888 709 1391 1423 1619 430 325 933 678 881 460 1532 1595 590 1103 1058 962 1637 737 1590 689 1313 778 873 1364 813 790 764 1773 1303 888 564 1796 1387 1463 1186 1286 616 748 1137 1045 0 1535 1248 1300 1646
1007 1023 724 757 390 1405 1424 958 1333 1128 1420 308 110 1178 807 1012 984 342 1239 129 1131 808 1562 866 801 1129 1035 1153 279 935 996 1273 447 525 834 627 918 1400 1251 958 812 1686 0 916 865 498
548 715 823 855 623 899 1025 500 742 463 829 677 825 779 256 554 358 672 719 820 646 151 971 683 136 645 551 558 994 75 474 874 824 551 235 726 58 809 703 189 354 1248 1012 0 72 609
563 730 772 805 572 951 1066 515 794 514 881 627 774 820 308 569 410 621 770 769 688 101 1023 699 85 686 592 610 943 91 526 915 773 501 184 675 73 861 755 241 369 1300 961 72 0 558
882 1012 640 673 140 1365 1385 834 1208 987 1295 237 417 1139 682 888 838 189 1115 412 1006 573 1437 856 493 1004 910 1029 511 628 872 1234 341 414 527 543 610 1275 1126 775 687 1646 646 609 558 0
EOF