NAME : tsp_problem
TYPE : TSP
DIMENSION : 48
EDGE_WEIGHT_TYPE : EXPLICIT
EDGE_WEIGHT_FORMAT : FULL_MATRIX
EDGE_WEIGHT_SECTION
0 1362 222 828 477 1492 734 600 1064 585 367 719 600 285 981 1171 1006 456 1019 1151 452 1243 394 476 588 1276 530 517 311 199 525 324 1236 1281 1017 308 972 175 1343 1218 305 443 1008 1422 1124 302 290 286
1346 0 1455 682 1199 487 1041 1796 587 1781 1160 816 856 1187 619 694 602 1456 773 597 1648 193 1590 1197 791 800 1657 1137 1229 1170 1662 1451 405 285 433 1435 629 1302 508 538 1257 1025 424 416 245 1247 1208 1150
222 1342 0 1022 457 1625 876 580 1044 565 347 699 794 474 961 1150 986 436 1213 1345 431 1282 374 455 782 1256 509 610 505 393 504 388 1218 1413 1211 320 952 369 1537 1198 499 637 1202 1554 1318 496 484 480
828 815 1022 0 790 765 547 1387 472 1372 751 684 258 692 504 579 487 1046 300 362 1238 579 1181 788 296 684 1248 643 735 652 1252 932 572 617 353 917 514 783 613 851 762 427 344 694 460 752 714 627
477 1086 457 790 0 1369 620 652 787 632 162 442 599 217 704 894 730 304 1052 1111 499 1026 441 87 558 1000 506 354 260 319 510 582 961 1157 955 567 695 433 1281 942 288 562 946 1298 1062 277 239 405
1457 636 1589 729 1333 0 1151 1930 719 1915 1294 950 949 1297 751 826 734 1589 704 528 1781 357 1724 1331 901 932 1791 1248 1339 1281 1795 1561 539 210 543 1546 761 1412 374 672 1367 1118 534 282 357 1357 1318 1260
734 1158 876 547 620 1187 0 1218 831 1202 582 515 442 523 777 938 802 877 809 868 1069 938 1011 618 315 1043 1078 473 565 557 1083 838 931 976 712 822 768 689 1038 1014 593 611 703 1117 819 582 544 583
568 1650 547 1354 652 1933 1185 0 1352 265 655 1007 1139 782 1269 1459 1294 535 1558 1675 210 1591 473 691 1123 1564 406 919 825 739 401 733 1526 1722 1520 718 1260 715 1845 1506 844 982 1511 1863 1626 841 803 825
1064 513 1044 472 787 755 831 1385 0 1370 749 405 646 804 128 132 111 1044 563 500 1236 414 1178 785 581 237 1245 884 847 905 1250 1169 270 543 345 1153 138 1020 616 504 874 815 335 684 398 864 825 940
585 1668 565 1372 632 1951 1202 265 1370 0 673 1025 1157 800 1287 1476 1312 516 1576 1693 191 1608 412 672 1141 1582 202 937 842 756 207 751 1544 1739 1538 736 1278 732 1863 1524 862 1000 1528 1880 1644 859 821 843
367 1047 347 751 162 1330 582 688 749 673 0 404 561 179 666 855 691 419 1013 1072 539 987 482 160 520 961 617 316 221 280 613 533 923 1118 917 518 657 395 1242 903 249 523 907 1259 1023 239 200 367
719 703 699 684 442 986 515 1040 405 1025 404 0 579 459 322 511 347 699 871 808 891 643 833 441 453 617 900 539 502 561 905 824 579 774 653 808 313 675 925 559 529 737 644 915 706 519 481 647
600 989 794 258 599 984 442 1172 646 1157 561 579 0 502 677 753 660 856 520 581 1023 752 965 597 191 858 1057 452 544 424 1062 704 746 791 527 689 687 555 832 1025 546 199 518 914 633 543 523 399
285 1102 474 692 217 1333 523 815 804 800 179 459 502 0 721 911 746 474 946 1013 666 1043 608 216 461 1016 675 257 67 126 680 389 978 1122 858 374 712 241 1183 958 95 370 848 1262 964 85 46 213
981 545 961 504 704 787 777 1302 128 1287 666 322 677 721 0 235 142 961 595 532 1153 446 1095 703 612 340 1162 801 764 823 1167 1086 302 575 376 1070 135 937 648 421 791 847 367 716 429 781 743 909
1171 620 1150 579 894 862 938 1491 132 1476 855 511 753 911 235 0 218 1151 670 607 1343 521 1285 892 687 266 1352 991 953 1012 1357 1275 377 650 451 1260 245 1127 723 611 981 922 442 791 504 971 932 1047
1006 528 986 487 730 770 802 1327 111 1312 691 347 660 746 142 218 0 986 577 514 1178 429 1121 728 595 323 1188 827 789 848 1192 1111 285 558 359 1096 153 963 631 446 817 829 350 699 412 806 768 935
456 1342 436 1046 304 1625 877 535 1044 516 419 699 856 474 961 1151 986 0 1308 1367 382 1283 324 344 815 1256 460 611 517 575 455 622 1218 1414 1212 607 952 603 1537 1198 544 819 1203 1555 1318 534 495 662
1019 906 1213 300 1052 740 809 1591 563 1576 1013 871 520 946 595 670 577 1308 0 337 1442 670 1384 1050 558 775 1510 905 972 843 1514 1123 663 597 362 1108 605 974 588 942 965 607 374 670 550 962 951 818
1151 773 1345 362 1111 564 868 1708 500 1693 1072 808 581 1013 532 607 514 1367 337 0 1559 494 1502 1109 617 712 1569 964 1056 975 1573 1256 545 420 186 1240 542 1107 412 808 1083 750 198 493 375 1073 1035 950
452 1534 431 1238 499 1817 1069 210 1236 191 539 891 1023 666 1153 1343 1178 382 1442 1559 0 1474 319 538 1007 1448 252 803 708 623 248 617 1410 1606 1404 602 1144 598 1729 1390 728 866 1394 1747 1510 725 687 709
1243 329 1282 579 1026 393 938 1623 414 1608 987 643 752 1043 446 521 429 1283 670 494 1474 0 1417 1024 687 627 1484 1034 1085 1067 1489 1347 232 182 329 1332 456 1199 414 365 1113 922 320 323 142 1103 1064 1047
394 1476 374 1181 441 1760 1011 473 1178 412 482 833 965 608 1095 1285 1121 324 1384 1502 319 1417 0 480 949 1390 278 745 651 565 283 560 1352 1548 1346 544 1086 541 1671 1332 670 808 1337 1689 1453 667 630 652
476 1084 455 788 87 1367 618 691 785 672 160 441 597 216 703 892 728 344 1050 1109 538 1024 480 0 557 998 545 352 258 317 550 580 960 1155 954 565 693 432 1279 940 286 560 944 1296 1060 275 237 404
588 924 782 296 558 937 315 1156 581 1141 520 453 191 461 612 687 595 815 558 617 1007 687 949 557 0 793 1016 412 503 412 1021 693 681 726 462 677 622 544 787 952 531 336 452 866 568 521 482 392
1276 726 1256 684 1000 967 1043 1597 237 1582 961 617 858 1016 340 266 323 1256 775 712 1448 627 1390 998 793 0 1458 1097 1059 1118 1462 1381 483 756 557 1366 350 1232 829 716 1086 1027 548 897 610 1076 1038 1153
530 1544 509 1248 506 1827 1078 406 1245 202 617 900 1057 675 1162 1352 1188 460 1510 1569 252 1484 278 545 1016 1458 0 812 718 701 72 695 1419 1615 1413 680 1153 677 1739 1400 746 944 1404 1756 1520 735 697 787
517 1183 610 643 354 1284 473 952 884 937 316 539 452 257 801 991 827 611 905 964 803 1034 745 352 412 1097 812 0 299 358 817 621 1028 1072 809 606 792 473 1134 1039 327 532 799 1213 915 317 278 443
311 1145 505 735 260 1375 565 857 847 842 221 502 544 67 764 953 789 517 972 1056 708 1085 651 258 503 1059 718 299 0 152 723 416 1021 1164 900 400 755 267 1226 1001 121 396 891 1305 1007 111 26 239
199 1204 393 652 319 1316 557 772 905 756 280 561 424 126 823 1012 848 575 843 975 623 1067 565 317 412 1118 701 358 152 0 696 304 1060 1105 841 288 813 155 1167 1060 146 267 832 1246 948 143 131 110
525 1548 504 1252 510 1831 1083 401 1250 207 613 905 1062 680 1167 1357 1192 455 1514 1573 248 1489 283 550 1021 1462 72 817 723 696 0 691 1424 1620 1418 675 1158 672 1743 1404 750 939 1409 1761 1524 740 701 783
324 1467 374 932 582 1597 838 753 1169 738 520 824 704 389 1086 1275 1111 608 1123 1256 604 1347 546 580 693 1381 682 621 416 304 677 0 1341 1386 1122 142 1077 279 1447 1323 409 547 1113 1526 1228 406 394 390
1232 331 1212 572 955 575 931 1553 270 1538 917 573 746 972 302 377 285 1212 663 545 1404 232 1346 954 681 483 1413 1028 1015 1060 1418 1337 0 363 381 1321 312 1188 472 367 1042 915 371 504 253 1032 994 1040
1281 460 1413 617 1157 245 976 1754 543 1739 1118 774 791 1122 575 650 558 1414 597 420 1606 182 1548 1155 726 756 1615 1072 1164 1105 1620 1386 363 0 368 1370 585 1237 266 496 1192 960 358 175 181 1181 1143 1085
1017 608 1211 353 955 579 712 1553 345 1538 917 653 527 858 376 451 359 1212 362 186 1404 329 1346 954 462 557 1413 809 900 841 1418 1122 381 368 0 1106 386 973 429 644 928 696 95 508 210 918 879 821
308 1451 320 917 567 1581 822 737 1153 722 504 808 689 374 1070 1260 1096 593 1108 1240 588 1332 531 565 677 1366 667 606 400 288 662 142 1325 1370 1106 0 1061 264 1432 1307 394 532 1097 1511 1213 391 379 375
972 555 952 514 695 797 768 1293 138 1278 657 313 687 712 135 245 153 952 605 542 1144 456 1086 693 622 350 1153 792 755 813 1158 1077 312 585 386 1061 0 928 658 412 782 857 377 726 439 772 733 900
175 1318 369 783 433 1448 689 747 1020 732 395 675 555 241 937 1127 963 603 974 1107 598 1199 541 432 544 1232 677 473 267 155 672 279 1192 1237 973 264 928 0 1298 1174 260 398 964 1378 1080 257 246 242
1343 693 1537 613 1281 288 1038 1878 616 1863 1242 919 832 1183 648 723 631 1537 588 412 1729 414 1671 1279 787 829 1739 1134 1226 1167 1743 1447 472 266 429 1432 658 1298 0 729 1253 1002 420 224 301 1243 1204 1147
1161 327 1141 754 885 611 957 1482 410 1467 846 502 928 901 328 517 353 1141 845 711 1333 268 1276 883 862 623 1343 982 944 1003 1347 1266 270 399 547 1251 318 1117 632 0 972 1097 537 540 359 961 923 1089
305 1172 499 762 288 1403 593 877 874 862 249 529 546 95 791 981 817 544 965 1083 728 1113 670 286 531 1086 746 327 121 146 750 409 1048 1192 928 394 782 260 1253 1028 0 389 919 1332 1034 60 100 232
443 1158 637 427 562 1154 611 1015 815 1000 523 737 199 370 847 922 829 819 607 750 866 922 808 560 336 1027 944 532 396 267 939 547 915 960 696 532 857 398 1002 1194 389 0 687 1083 802 386 375 242
1008 599 1202 344 946 570 703 1543 335 1528 907 644 518 848 367 442 350 1203 374 198 1394 320 1337 944 452 548 1404 799 891 832 1409 1113 371 358 95 1097 377 964 420 634 919 687 0 499 201 908 870 812
1537 717 1670 810 1413 95 1232 2011 800 1996 1375 1031 1029 1377 831 907 814 1670 785 609 1862 438 1804 1412 981 1012 1871 1328 1420 1361 1876 1641 620 290 624 1626 842 1493 455 752 1448 1198 614 0 438 1437 1399 1341
1124 421 1318 460 1062 393 819 1659 398 1644 1023 700 633 964 429 504 412 1318 550 375 1510 142 1453 1060 568 610 1520 915 1007 948 1524 1228 253 181 210 1213 439 1080 301 456 1034 802 201 322 0 1024 986 928
302 1162 496 752 277 1393 582 874 864 859 239 519 543 85 781 971 806 534 962 1073 725 1103 667 275 521 1076 735 317 111 143 740 406 1038 1181 918 391 772 257 1243 1018 60 386 908 1322 1024 0 90 229
290 1124 484 714 239 1354 544 836 825 821 200 481 523 46 743 932 768 495 951 1035 687 1064 630 237 482 1038 697 278 26 131 701 394 999 1143 879 379 733 246 1204 980 100 375 870 1284 986 90 0 218
286 1283 480 627 405 1296 583 858 940 843 367 647 399 213 909 1047 935 662 818 950 709 1047 652 404 392 1153 787 443 239 110 783 390 1040 1085 821 375 900 242 1147 1146 232 242 812 1226 928 229 218 0
EOF