NAME : tsp_problem
TYPE : TSP
DIMENSION : 24
EDGE_WEIGHT_TYPE : EXPLICIT
EDGE_WEIGHT_FORMAT : FULL_MATRIX
EDGE_WEIGHT_SECTION
0 829 1083 761 300 978 993 500 1084 681 639 743 715 771 747 694 784 750 935 763 318 721 762 849
829 0 1319 1249 706 520 1298 502 1321 234 1054 285 1203 312 225 1012 980 140 476 304 873 141 957 79
1083 1325 0 445 915 1401 433 1431 210 1340 745 1094 395 1053 1449 621 358 1247 1357 1064 881 1247 425 1303
896 1229 359 0 729 1305 300 1260 360 1241 649 998 262 957 1307 461 493 1151 1261 968 695 1151 471 1208
300 706 915 593 0 856 825 599 917 558 432 620 547 648 624 495 577 627 812 640 283 598 555 726
978 520 1401 1331 856 0 1379 706 1402 535 1160 360 1285 388 677 1093 1061 441 108 379 1023 442 1039 540
993 1304 433 330 825 1379 0 1357 435 1319 723 1072 336 1032 1403 557 568 1225 1336 1042 791 1226 546 1282
500 502 1431 1125 599 706 1357 0 1433 296 947 471 1079 499 362 1010 1092 430 663 490 665 388 1070 522
1084 1327 210 447 917 1402 435 1433 0 1342 746 1095 396 1055 1450 623 359 1248 1359 1065 882 1249 427 1305
681 234 1334 1105 558 535 1313 296 1336 0 906 300 1059 327 173 969 995 155 491 319 725 114 972 254
639 1054 745 560 432 1160 723 947 746 906 0 853 514 813 972 323 405 975 1117 823 517 946 383 1063
743 285 1094 1024 620 360 1072 471 1095 300 853 0 978 153 442 786 754 206 317 144 788 207 732 305
715 1207 395 207 547 1285 336 1079 396 1059 514 978 0 937 1125 279 473 1129 1241 948 513 1100 451 1187
771 312 1053 983 648 388 1032 499 1055 327 813 153 937 0 470 746 714 234 344 125 815 234 691 332
747 225 1449 1171 624 677 1403 362 1450 173 972 442 1125 470 0 1034 1109 298 634 461 791 259 1087 202
694 1018 621 326 495 1093 557 1010 623 969 323 786 279 746 1034 0 282 939 1050 757 492 940 260 996
784 985 358 519 577 1061 568 1092 359 1000 405 754 473 714 1109 282 0 907 1018 724 662 908 83 964
750 140 1208 1138 627 441 1187 430 1210 155 968 206 1092 234 298 901 869 0 398 225 795 63 847 161
935 476 1357 1287 812 108 1336 663 1359 491 1117 317 1241 344 634 1050 1018 398 0 336 979 398 996 496
763 304 1064 994 640 379 1042 490 1065 319 823 144 948 125 461 757 724 225 336 0 807 226 702 324
318 873 881 559 283 1023 791 665 882 725 517 788 513 815 791 492 662 795 979 807 0 766 640 893
721 141 1241 1146 598 442 1220 388 1243 114 946 207 1100 234 259 934 902 63 398 226 766 0 880 161
762 963 425 497 555 1039 546 1070 427 978 383 732 451 691 1087 260 83 885 996 702 640 885 0 942
849 79 1303 1233 726 540 1282 522 1305 254 1063 305 1187 332 202 996 964 161 496 324 893 161 942 0
EOF