NAME : tsp_problem
TYPE : TSP
DIMENSION : 26
EDGE_WEIGHT_TYPE : EXPLICIT
EDGE_WEIGHT_FORMAT : FULL_MATRIX
EDGE_WEIGHT_SECTION
0 411 636 853 360 1993 560 1630 945 1929 1219 521 1335 1029 1258 752 670 1642 1747 549 518 816 958 1095 1045 1441
383 0 267 483 185 1674 190 1311 667 1610 839 317 954 731 877 435 466 1323 1428 270 239 538 679 817 675 1060
619 267 0 269 303 1480 101 1118 651 1417 746 383 862 517 784 342 362 1129 1234 420 385 522 613 748 461 968
836 483 269 0 520 1265 310 903 736 1202 674 576 701 302 763 427 361 914 1019 561 509 607 698 833 354 766
355 185 303 520 0 1660 227 1297 786 1596 888 188 1003 696 926 484 337 1309 1414 390 359 657 754 890 712 1109
1987 1674 1486 1265 1660 0 1527 482 1292 135 883 1675 755 1097 892 1416 1438 548 284 1697 1646 1422 1343 1154 1571 819
543 190 101 310 227 1521 0 1159 732 1458 828 307 943 558 866 423 309 1170 1276 430 399 603 694 830 502 1022
1625 1311 1123 903 1297 482 1165 0 893 419 521 1312 392 734 492 1029 1076 432 236 1313 1262 1023 955 754 1208 419
915 667 651 736 786 1292 732 893 0 1229 527 872 643 822 527 357 979 1011 1047 505 453 150 82 170 927 685
1924 1610 1423 1202 1596 135 1464 419 1229 0 820 1611 691 1034 828 1353 1375 485 221 1634 1583 1359 1280 1090 1507 755
1191 839 746 674 888 883 828 521 527 820 0 968 164 506 165 581 847 532 637 863 811 646 508 388 980 270
477 375 600 817 324 1957 524 1594 909 1893 1183 0 1299 993 1221 716 634 1605 1711 513 482 780 921 1059 1009 1405
1307 954 862 701 1003 755 943 392 643 691 164 1083 0 533 281 697 874 404 509 978 927 761 624 504 1007 141
1024 737 523 302 696 1097 564 734 822 1034 506 711 533 0 595 680 475 746 851 814 763 860 774 819 608 598
1229 877 784 763 926 892 866 492 527 828 165 1006 281 595 0 619 937 649 646 901 849 657 546 388 1061 284
721 435 342 427 484 1416 423 1029 357 1353 581 564 697 680 619 0 671 1065 1170 312 260 228 298 480 619 803
868 516 302 239 553 1356 343 993 919 1293 765 609 792 393 854 611 0 1005 1110 672 637 790 882 1017 544 857
1636 1323 1135 914 1309 548 1176 432 1011 485 532 1324 404 746 649 1065 1087 0 302 1346 1295 1129 992 872 1220 468
1741 1428 1240 1019 1414 284 1282 236 1047 221 637 1429 509 851 646 1170 1193 302 0 1452 1400 1177 1097 908 1325 573
518 270 420 561 390 1697 430 1313 505 1634 863 551 978 814 901 312 700 1346 1452 0 78 376 517 655 752 1084
487 239 385 509 359 1646 399 1262 453 1583 811 520 927 763 849 260 669 1295 1400 78 0 324 466 604 701 1033
786 538 522 607 657 1422 603 1023 150 1359 646 743 761 860 657 228 850 1129 1177 376 324 0 162 300 798 815
927 679 613 698 754 1343 694 955 82 1280 508 834 624 774 546 298 941 992 1097 517 466 162 0 232 889 730
1065 817 748 833 890 1154 830 754 170 1090 388 970 504 819 388 480 1077 872 908 655 604 300 232 0 1025 546
1027 675 461 354 712 1571 502 1208 927 1507 980 768 1007 608 1061 619 666 1220 1325 752 701 798 889 1025 0 1072
1412 1060 968 766 1109 819 1028 419 685 755 270 1175 141 598 284 803 939 468 573 1084 1033 815 730 546 1072 0
EOF