NAME : tsp_problem
TYPE : TSP
DIMENSION : 52
EDGE_WEIGHT_TYPE : EXPLICIT
EDGE_WEIGHT_FORMAT : FULL_MATRIX
EDGE_WEIGHT_SECTION
0 645 389 612 376 346 379 1071 366 787 449 365 164 611 341 561 338 543 677 329 358 441 353 891 828 1211 1115 276 342 601 577 589 608 1059 460 1053 577 236 668 1319 531 1402 773 461 1303 310 596 1050 1314 678 602 883
645 0 909 272 353 372 597 553 746 270 969 492 770 595 838 1035 371 1063 58 892 921 961 757 474 310 693 597 773 375 936 1052 92 527 541 310 535 421 840 150 801 250 884 255 582 785 873 93 532 797 160 1165 465
389 909 0 919 683 653 730 1091 203 808 94 706 514 448 691 471 645 230 941 480 509 128 190 1126 848 1231 1135 625 650 507 488 853 915 1079 767 1073 884 481 863 1339 838 1422 908 803 1324 221 860 1070 1335 833 716 1118
612 272 919 0 282 301 564 653 765 415 980 421 737 613 779 1054 307 1073 305 859 889 971 776 357 456 677 581 714 309 955 1071 216 402 562 239 669 440 807 296 822 180 905 309 511 806 840 223 677 817 306 1132 349
376 353 683 282 0 65 329 779 661 496 744 225 502 587 570 855 71 837 386 624 653 735 648 561 537 881 785 504 73 895 872 297 347 766 130 761 341 571 377 1026 201 1109 481 322 1011 605 304 758 1022 387 896 553
346 372 653 301 65 0 299 798 630 515 714 195 472 557 540 825 73 807 405 593 623 705 618 580 555 900 804 474 77 865 841 316 366 785 149 780 311 541 395 1045 220 1128 500 291 1030 574 323 777 1041 406 866 572
379 597 730 564 329 299 0 1023 707 740 790 211 304 774 266 901 291 884 630 670 674 782 694 818 781 1138 1042 201 295 942 918 541 375 1011 348 1005 529 405 621 1271 482 1354 726 165 1256 651 548 1003 1267 631 942 810
1071 553 1091 653 779 798 1023 0 928 395 1151 918 1196 777 1264 1217 797 1245 585 1318 1347 1143 940 331 331 424 328 1199 801 1118 1234 518 771 120 736 51 847 1265 450 285 676 368 495 1008 270 1086 519 236 281 421 1463 333
366 746 203 765 661 630 707 928 0 645 263 684 491 285 668 443 622 357 779 457 486 255 125 963 686 1068 973 602 627 344 459 690 893 916 744 910 749 458 700 1176 743 1259 745 780 1161 198 697 907 1172 670 688 955
787 270 808 415 496 515 740 395 645 0 868 634 913 494 981 934 514 962 302 1035 1064 860 656 372 153 465 369 916 518 835 951 235 553 313 452 378 564 982 167 573 393 656 212 724 558 803 236 375 569 138 1179 375
449 969 94 980 744 714 790 1151 263 868 0 767 574 508 751 532 706 291 1002 540 569 189 251 1187 909 1292 1196 686 710 567 548 913 976 1139 827 1134 944 541 923 1400 898 1482 968 863 1384 281 920 1131 1395 894 777 1178
365 492 706 421 225 195 211 918 684 634 767 0 384 671 407 878 187 860 524 647 676 758 671 676 675 996 900 342 192 919 895 436 314 881 205 900 426 456 515 1141 339 1224 620 119 1126 628 443 897 1137 525 919 668
164 770 514 737 502 472 304 1196 491 913 574 384 0 736 215 686 464 668 803 417 408 566 478 992 954 1312 1216 150 468 726 702 715 585 1184 521 1178 702 139 794 1444 655 1527 899 374 1429 435 721 1176 1440 804 727 984
611 595 448 613 587 557 774 777 285 494 508 671 736 0 912 574 548 602 627 701 730 500 296 812 534 917 821 847 553 475 591 539 869 765 651 759 598 703 549 1025 592 1108 594 767 1010 443 546 756 1021 519 819 804
341 838 691 779 570 540 266 1264 668 981 751 407 215 912 0 862 532 845 871 594 584 743 655 989 1022 1309 1213 90 536 903 879 782 547 1194 563 1246 770 316 862 1454 697 1537 942 336 1439 612 789 1243 1450 872 903 981
606 1169 724 1137 901 871 947 1510 699 1227 785 924 731 867 908 0 863 878 1202 394 423 776 689 1416 1268 1650 1555 843 867 508 40 1114 1133 1498 984 1492 1101 698 1193 1758 1055 1841 1298 1020 1743 562 1120 1489 1754 1203 269 1407
338 371 645 307 71 73 291 797 622 514 706 187 464 548 532 817 0 799 404 585 614 697 610 585 555 905 809 466 69 857 833 316 371 785 154 779 303 533 395 1045 225 1128 500 283 1030 566 322 777 1041 405 858 577
543 1063 230 1073 837 807 884 1245 357 962 291 860 668 602 845 625 799 0 1095 634 663 169 344 1280 1002 1385 1289 779 804 661 642 1007 1069 1233 921 1227 1038 635 1017 1493 992 1576 1062 957 1478 375 1014 1224 1489 987 870 1272
677 58 941 305 386 405 630 585 779 302 1002 524 803 627 871 1068 404 1095 0 925 954 993 790 507 343 726 630 806 408 969 1085 125 560 574 342 568 454 872 183 834 283 917 288 614 818 906 126 565 829 193 1197 498
329 892 480 859 624 593 670 1318 457 1035 540 647 417 695 594 390 585 634 925 0 48 532 444 1138 1076 1458 1362 529 590 431 407 836 856 1306 707 1300 824 384 916 1566 778 1649 1020 743 1551 318 843 1297 1562 926 390 1130
358 921 509 889 653 623 674 1347 486 1064 569 676 408 725 584 420 614 663 954 48 0 561 473 1167 1105 1487 1391 519 619 460 436 865 885 1335 736 1329 853 375 945 1595 807 1678 1049 744 1580 347 872 1326 1591 955 419 1159
441 961 128 971 735 705 782 1143 255 860 189 758 566 500 743 523 697 169 993 532 561 0 242 1178 901 1283 1187 677 702 559 540 905 967 1131 819 1125 936 533 915 1391 890 1474 960 855 1376 273 912 1122 1387 885 768 1170
353 757 190 776 648 618 694 940 125 656 251 671 478 296 655 436 610 344 790 444 473 242 0 975 697 1080 984 590 614 355 452 702 880 928 731 922 761 445 712 1188 755 1271 756 767 1172 185 709 919 1183 682 681 967
891 474 1126 357 561 580 818 331 963 372 1187 676 992 812 989 1253 585 1280 507 1138 1167 1178 975 0 471 355 259 924 588 1154 1269 439 475 240 518 347 719 1064 372 500 459 583 305 757 485 1119 441 533 496 342 1411 112
828 310 848 456 537 555 781 331 686 153 909 675 954 534 1022 975 555 1002 343 1076 1105 901 697 471 0 577 481 956 559 876 992 275 594 416 493 313 605 1023 208 581 434 664 253 765 566 844 277 310 577 178 1220 463
1211 693 1231 677 881 900 1138 424 1068 465 1292 996 1312 917 1309 1358 905 1385 726 1458 1487 1283 1080 355 577 0 222 1244 907 1259 1374 658 795 333 838 440 987 1384 591 593 779 676 625 1077 577 1226 660 625 588 561 1603 357
1115 597 1135 581 785 804 1042 328 973 369 1196 900 1216 821 1213 1262 809 1289 630 1362 1391 1187 984 259 481 222 0 1148 812 1163 1279 562 699 237 742 344 891 1288 495 497 683 580 529 981 481 1130 564 529 492 465 1507 261
276 773 625 714 504 474 201 1199 602 916 686 342 150 847 90 797 466 779 806 529 519 677 590 924 956 1244 1148 0 471 837 813 717 481 1129 497 1181 705 251 796 1389 632 1472 876 271 1373 546 724 1178 1384 807 838 916
342 375 650 309 73 77 295 801 627 518 710 192 468 553 536 821 69 804 408 590 619 702 614 588 559 907 812 471 0 862 838 320 374 790 156 784 307 537 399 1050 227 1133 504 288 1034 571 327 781 1045 409 862 579
534 847 377 865 828 798 874 1029 215 746 438 851 659 386 836 465 790 531 879 473 502 429 226 1064 787 1169 1073 770 795 0 482 791 1060 1017 903 1011 850 626 801 1277 844 1360 846 948 1262 283 798 1008 1273 771 710 1056
599 1162 717 1130 894 864 940 1503 692 1220 777 917 724 860 901 460 855 871 1195 387 416 769 681 1408 1260 1643 1547 836 860 501 0 1106 1126 1491 977 1485 1094 691 1186 1751 1048 1834 1290 1013 1736 555 1113 1482 1747 1196 261 1400
589 92 853 216 297 316 541 518 690 235 913 436 715 539 782 980 316 1007 125 836 865 905 702 439 275 658 562 717 320 881 996 0 471 506 254 500 365 784 115 766 195 849 220 526 751 817 43 497 762 126 1109 431
608 527 915 402 347 366 375 771 893 553 976 314 585 869 547 1087 371 1069 560 856 885 967 880 475 594 795 699 481 374 1127 1104 471 0 680 241 787 635 686 495 940 375 1023 428 314 925 837 478 816 936 465 1128 467
1059 541 1079 562 766 785 1011 120 916 313 1139 881 1184 765 1194 1206 785 1233 574 1306 1335 1131 928 240 416 333 237 1129 790 1106 1222 506 680 0 723 136 835 1254 439 289 663 371 483 962 273 1074 508 321 284 409 1451 242
460 310 767 239 130 149 348 736 744 452 827 205 521 651 563 938 154 921 342 707 736 819 731 518 493 838 742 497 156 979 955 254 241 723 0 718 425 593 333 983 158 1066 438 295 967 688 261 715 978 343 979 510
1053 535 1073 669 761 780 1005 51 910 378 1134 900 1178 759 1246 1200 779 1227 568 1300 1329 1125 922 347 313 440 344 1181 784 1101 1216 500 787 136 718 0 829 1248 433 301 659 384 477 990 286 1068 502 218 297 403 1445 349
577 421 884 440 341 311 529 847 749 564 944 426 702 598 770 1039 303 1038 454 824 853 936 761 719 605 987 891 705 307 940 1055 365 635 835 425 829 0 772 445 1095 418 1178 549 522 1080 805 372 826 1091 455 1097 710
236 840 481 807 571 541 405 1265 458 982 541 456 139 703 316 652 533 635 872 384 375 533 445 1064 1023 1384 1288 251 537 693 669 784 686 1254 593 1248 772 0 863 1514 725 1597 968 476 1498 402 791 1245 1509 873 694 1056
668 150 863 296 377 395 621 450 700 167 923 515 794 549 862 990 395 1017 183 916 945 915 712 372 208 591 495 796 399 891 1006 115 495 439 333 433 445 863 0 699 274 782 153 605 683 858 117 430 694 58 1188 363
1319 801 1339 822 1026 1045 1271 285 1176 573 1400 1141 1444 1025 1454 1466 1045 1493 834 1566 1595 1391 1188 500 581 593 497 1389 1050 1367 1482 766 940 289 983 301 1095 1514 699 0 924 101 743 1222 54 1334 768 487 50 669 1711 502
531 250 838 180 201 220 482 676 743 393 898 339 655 592 697 1009 225 992 283 778 807 890 755 459 434 779 683 632 227 933 1026 195 375 663 158 659 418 725 274 924 0 1006 379 429 908 759 202 656 919 284 1051 451
1402 884 1422 905 1109 1128 1354 368 1259 656 1482 1224 1527 1108 1537 1549 1128 1576 917 1649 1678 1474 1271 583 664 676 580 1472 1133 1450 1565 849 1023 371 1066 384 1178 1597 782 101 1006 0 826 1305 136 1417 851 488 133 752 1794 585
773 255 908 309 481 500 726 495 745 212 968 620 899 594 942 1034 500 1062 288 1020 1049 960 756 305 253 625 529 876 504 935 1051 220 428 483 438 477 549 968 153 743 379 826 0 709 728 903 222 475 739 123 1279 296
461 582 803 511 322 291 165 1008 780 724 863 119 374 767 336 974 283 957 614 743 744 855 767 757 765 1077 981 271 288 1015 991 526 314 962 295 990 522 476 605 1222 429 1305 709 0 1206 724 533 987 1218 615 1016 749
1303 785 1324 806 1011 1030 1256 270 1161 558 1384 1126 1429 1010 1439 1450 1030 1478 818 1551 1580 1376 1172 485 566 577 481 1373 1034 1351 1467 751 925 273 967 286 1080 1498 683 54 908 136 728 1206 0 1319 752 471 49 653 1695 487
310 873 221 840 605 574 651 1086 198 803 281 628 435 443 612 309 566 375 906 318 347 273 185 1119 844 1226 1130 546 571 350 326 817 837 1074 688 1068 805 402 858 1334 759 1417 903 724 1319 0 824 1065 1330 828 554 1111
596 93 860 223 304 323 548 519 697 236 920 443 721 546 789 987 322 1014 126 843 872 912 709 441 277 660 564 724 327 887 1003 43 478 508 261 502 372 791 117 768 202 851 222 533 752 824 0 499 763 127 1116 432
1050 532 1070 677 758 777 1003 236 907 375 1131 897 1176 756 1243 1197 777 1224 565 1297 1326 1122 919 533 310 625 529 1178 781 1098 1213 497 816 321 715 218 826 1245 430 487 656 488 475 987 471 1065 499 0 482 400 1442 535
1314 797 1335 817 1022 1041 1267 281 1172 569 1395 1137 1440 1021 1450 1461 1041 1489 829 1562 1591 1387 1183 496 577 588 492 1384 1045 1362 1478 762 936 284 978 297 1091 1509 694 50 919 133 739 1218 49 1330 763 482 0 665 1706 498
678 160 833 306 387 406 631 421 670 138 894 525 804 519 872 960 405 987 193 926 955 885 682 342 178 561 465 807 409 861 976 126 465 409 343 403 455 873 58 669 284 752 123 615 653 828 127 400 665 0 1198 334
631 1194 771 1162 926 896 844 1559 747 1275 831 895 578 915 754 516 888 925 1227 321 292 823 735 1441 1316 1699 1603 689 892 556 533 1139 1124 1547 1009 1541 1126 544 1218 1807 1080 1890 1323 914 1791 609 1145 1538 1802 1228 0 1432
883 465 1118 349 553 572 810 333 955 375 1178 668 984 804 981 1245 577 1272 498 1130 1159 1170 967 112 463 357 261 916 579 1145 1261 431 467 242 510 349 710 1056 363 502 451 585 296 749 487 1111 432 535 498 334 1403 0
EOF