NAME : tsp_problem
TYPE : TSP
DIMENSION : 22
EDGE_WEIGHT_TYPE : EXPLICIT
EDGE_WEIGHT_FORMAT : FULL_MATRIX
EDGE_WEIGHT_SECTION
0 1104 772 426 891 560 661 802 607 552 483 695 1065 872 988 1098 800 638 595 660 371 1033
986 0 381 1232 195 1436 352 654 1278 1224 1359 396 222 136 1684 524 205 1309 1267 1476 776 1704
772 497 0 1002 299 1222 160 300 995 941 1145 301 474 277 1401 394 206 1026 984 1193 652 1421
426 1336 1008 0 1140 384 907 747 299 244 308 944 1314 1118 704 1126 1046 330 287 485 704 725
891 439 299 1140 0 1343 260 573 1247 1192 1267 301 200 149 1653 602 112 1278 1235 1444 681 1673
560 1553 1222 384 1343 0 1110 1052 603 548 302 1148 1518 1321 664 1430 1250 593 591 337 884 714
661 470 160 907 260 1110 0 383 1014 959 1034 167 434 238 1420 506 166 1045 1002 1211 541 1440
802 747 300 747 573 1052 383 0 740 686 971 431 747 551 1146 537 479 771 729 938 682 1166
607 1329 1001 299 1247 603 1014 740 0 126 522 1051 1383 1225 520 1119 1154 145 72 489 811 540
552 1275 946 244 1192 548 959 686 126 0 468 997 1328 1170 532 1065 1099 157 114 435 757 552
483 1477 1145 308 1267 302 1034 971 522 468 0 1071 1441 1245 536 1349 1173 465 511 208 807 586
695 611 301 944 301 1148 167 431 1051 997 1071 0 476 318 1457 647 246 1082 1040 1249 485 1477
1065 330 474 1314 200 1518 434 747 1383 1328 1441 476 0 241 1789 629 287 1414 1371 1580 856 1809
872 381 277 1118 149 1321 238 551 1225 1170 1245 318 241 0 1631 476 90 1256 1213 1422 730 1651
988 1735 1407 704 1653 678 1420 1146 520 532 536 1457 1789 1631 0 1525 1559 391 508 503 1217 74
963 243 356 1209 415 1412 329 609 1231 1176 1336 470 442 299 1637 0 337 1262 1219 1428 843 1657
800 449 206 1046 112 1250 166 479 1154 1099 1173 246 287 90 1559 514 0 1184 1142 1351 680 1580
638 1360 1032 330 1278 607 1045 771 145 157 465 1082 1414 1256 391 1150 1184 0 133 432 842 412
595 1318 989 287 1235 591 1002 729 72 114 511 1040 1371 1213 508 1108 1142 133 0 478 800 528
660 1527 1198 485 1444 350 1211 938 489 435 208 1249 1580 1422 503 1317 1351 432 478 0 984 553
371 984 652 704 681 884 541 682 811 757 807 485 856 730 1217 978 680 842 800 984 0 1237
1033 1755 1427 725 1673 728 1440 1166 540 552 586 1477 1809 1651 74 1545 1580 412 528 553 1237 0
EOF