NAME : tsp_problem
TYPE : TSP
DIMENSION : 18
EDGE_WEIGHT_TYPE : EXPLICIT
EDGE_WEIGHT_FORMAT : FULL_MATRIX
EDGE_WEIGHT_SECTION
0 124 359 460 319 707 301 154 236 235 62 981 442 457 533 540 523 529
124 0 441 465 325 789 384 237 242 317 144 1064 505 519 539 545 529 535
363 445 0 781 640 774 87 463 558 543 370 1049 750 524 855 861 844 851
799 805 1117 0 582 1098 1059 729 685 646 820 1372 462 631 931 492 475 482
319 325 636 242 0 984 579 268 341 185 339 1259 304 618 638 644 628 634
707 789 779 1120 985 0 722 807 852 887 714 600 1094 510 918 1148 1131 1137
305 388 87 724 583 717 0 405 500 486 313 991 693 467 797 804 787 793
154 237 459 414 268 807 401 0 349 126 148 1081 332 557 646 653 636 642
236 242 554 345 341 852 496 349 0 430 257 1126 407 385 405 411 395 401
235 317 539 331 185 887 482 126 430 0 229 1162 249 637 727 733 716 723
62 144 366 480 339 714 309 148 257 229 0 989 436 464 554 560 543 550
981 1064 1054 1395 1259 600 997 1081 1126 1162 989 0 1369 784 1192 1422 1405 1412
442 505 746 226 304 1094 689 332 407 249 436 1369 0 726 745 702 685 692
474 480 591 663 579 510 534 587 385 667 494 784 726 0 451 681 664 671
559 565 744 709 664 663 687 672 431 752 579 938 771 197 0 727 710 716
620 626 806 770 725 725 748 733 492 814 641 999 761 258 558 0 102 338
538 543 723 687 642 642 666 651 409 731 558 917 749 176 475 705 0 695
829 835 1147 533 612 1149 1089 759 715 676 850 1423 492 682 982 543 526 0
EOF
