NAME : tsp_problem
TYPE : TSP
DIMENSION : 26
EDGE_WEIGHT_TYPE : EXPLICIT
EDGE_WEIGHT_FORMAT : FULL_MATRIX
EDGE_WEIGHT_SECTION
0 703 444 506 711 1159 720 353 784 666 717 953 625 608 653 822 962 817 494 446 516 731 883 507 565 581
523 0 311 734 33 1143 41 790 1221 1103 739 975 1062 1045 1089 610 857 651 480 315 344 1168 797 748 944 603
264 311 0 730 319 922 328 577 1008 890 480 716 849 832 877 585 725 580 564 69 124 955 647 489 685 344
857 1018 760 0 1027 1475 1035 445 876 590 1033 1269 717 532 601 1138 1278 1133 366 761 831 823 1199 600 657 687
531 33 319 743 0 1151 36 798 1229 1111 747 984 1071 1053 1098 618 865 660 489 323 352 1176 805 756 952 612
1021 1132 923 1486 1141 0 1149 1188 1210 1288 485 679 1050 1343 1433 581 721 576 1435 925 995 1156 414 1106 895 962
540 41 328 751 36 1160 0 807 1238 1120 756 992 1079 1062 1106 627 874 668 497 332 361 1185 814 765 961 620
685 847 588 445 855 1188 864 0 538 420 745 982 379 362 407 966 1106 961 673 590 660 485 1028 262 319 349
1116 1277 1019 876 1286 1210 1294 538 0 389 767 1004 275 445 535 1397 1537 1392 1104 1020 1091 200 1339 638 368 726
998 1160 901 590 1168 1288 1177 420 389 0 845 1082 479 79 192 1279 1419 1274 914 902 973 511 1340 520 446 608
578 740 481 1044 748 485 757 745 767 845 0 279 607 901 991 782 921 776 993 483 553 713 614 664 452 519
815 976 717 1280 985 679 993 982 1004 1082 279 0 844 1137 1227 530 670 525 1229 719 789 950 363 900 689 756
958 1119 860 717 1127 1050 1136 379 275 479 607 844 0 535 625 1238 1378 1233 945 862 932 127 1179 480 208 567
940 1102 843 532 1110 1343 1119 362 445 79 901 1137 535 0 134 1221 1361 1216 856 845 915 566 1283 463 502 550
985 1146 888 600 1155 1433 1163 407 535 192 991 1227 625 134 0 1266 1406 1260 924 889 959 656 1327 507 565 594
652 610 555 1118 618 592 627 965 1396 1278 780 530 1237 1220 1265 0 305 100 975 557 627 1343 246 877 1073 733
382 447 285 848 456 852 464 695 1126 1008 598 790 967 950 995 445 0 439 797 286 357 1073 506 607 803 462
647 651 550 1113 660 587 668 960 1391 1273 775 525 1232 1215 1260 100 300 0 1016 551 621 1338 241 872 1068 727
855 1017 758 366 1025 1473 1034 667 1098 914 1031 1267 939 856 924 1136 1276 1131 0 760 830 1045 1197 821 879 895
266 315 69 731 323 924 332 579 1009 892 482 718 851 834 878 587 727 582 568 0 128 957 648 491 687 346
336 344 124 802 352 994 361 649 1080 962 552 788 921 904 948 657 797 652 597 128 0 1027 718 561 757 416
1063 1225 966 823 1233 1156 1242 485 200 511 713 950 127 566 656 1344 1484 1339 1051 968 1038 0 1285 586 314 673
929 993 832 1395 1002 370 1010 1242 1283 1361 558 512 1123 1417 1507 442 582 437 1344 833 903 1229 0 1154 968 1009
596 757 498 599 766 1098 774 262 638 520 656 892 480 463 507 877 1016 871 827 500 570 586 938 0 297 189
792 953 694 657 962 895 970 319 368 446 452 689 208 502 565 1072 1212 1067 885 696 766 314 1024 297 0 384
451 613 354 687 621 953 630 349 726 608 511 747 567 550 594 732 872 727 866 356 426 673 793 189 384 0
EOF