NAME : tsp_problem
TYPE : TSP
DIMENSION : 20
EDGE_WEIGHT_TYPE : EXPLICIT
EDGE_WEIGHT_FORMAT : FULL_MATRIX
EDGE_WEIGHT_SECTION
0 314 273 259 922 988 511 706 948 183 1259 567 1411 450 1330 1288 375 867 648 1010
314 0 456 442 686 867 390 470 712 281 1023 445 1175 625 1094 1167 558 631 412 889
273 456 0 198 1059 1075 766 843 1085 286 1396 822 1548 529 1467 1543 127 1004 785 1097
259 442 198 0 1045 1160 752 829 1071 272 1382 808 1534 614 1453 1529 300 991 771 1182
922 686 1059 1045 0 1157 816 613 62 884 653 704 805 1193 724 910 1160 73 422 1179
982 861 1075 1160 1195 0 822 1253 1221 978 1532 877 1684 574 1433 1155 1117 1140 1093 103
511 390 766 752 807 828 0 646 834 507 1145 145 1297 585 1161 883 868 753 584 849
706 470 843 829 613 1250 662 0 640 669 951 666 1103 1017 1022 1122 945 559 221 1272
948 712 1085 1071 62 1183 842 640 0 910 679 730 831 1220 750 936 1187 99 449 1205
183 281 286 272 884 984 507 669 910 0 1222 563 1373 615 1293 1284 388 830 611 1006
1259 1023 1396 1382 653 1494 1153 951 679 1222 0 1042 179 1531 317 638 1498 599 760 1516
567 445 822 808 696 883 145 535 722 563 1034 0 1185 641 1050 772 924 642 472 905
1411 1175 1548 1534 805 1646 1305 1103 831 1373 179 1193 0 1683 469 789 1650 751 912 1668
450 625 529 614 1182 574 586 1017 1208 615 1520 641 1671 0 1420 1142 571 1128 959 595
1330 1094 1467 1453 724 1368 1166 1022 750 1293 317 1055 469 1405 0 473 1569 670 831 1390
1287 1166 1542 1528 908 936 884 1128 935 1283 638 773 789 1122 487 0 1641 854 937 958
375 558 127 300 1160 1117 868 945 1187 388 1498 924 1650 571 1569 1643 0 1106 887 1139
867 631 1004 991 73 1103 761 559 99 830 599 650 751 1139 670 856 1106 0 368 1124
648 412 785 771 422 1059 586 221 449 611 760 475 912 959 831 931 887 368 0 1081
1004 883 1097 1182 1216 103 844 1275 1243 1000 1554 899 1706 595 1454 1177 1139 1162 1115 0
EOF